0.000000 0.000000 34.641016 20.000000 40.000000 40.000000 0.000000 0.000000
0.173205 0.100000 34.641016 19.951000 40.000000 40.000000 0.000000 -0.049000
0.346410 0.199755 34.641016 19.902000 40.000000 39.999755 0.000000 -0.098000
0.519615 0.299265 34.641016 19.853000 40.000000 39.999265 0.000000 -0.147000
0.692820 0.398530 34.641016 19.804000 40.000000 39.998530 0.000000 -0.196000
0.866025 0.497550 34.641016 19.755000 40.000000 39.997550 0.000000 -0.245000
1.039230 0.596325 34.641016 19.706000 40.000000 39.996325 0.000000 -0.294000
1.212436 0.694855 34.641016 19.657000 40.000000 39.994855 0.000000 -0.343000
1.385641 0.793140 34.641016 19.608000 40.000000 39.993140 0.000000 -0.392000
1.558846 0.891180 34.641016 19.559000 40.000000 39.991180 0.000000 -0.441000
1.732051 0.988975 34.641016 19.510000 40.000000 39.988975 0.000000 -0.490000
1.905256 1.086525 34.641016 19.461000 40.000000 39.986525 0.000000 -0.539000
2.078461 1.183830 34.641016 19.412000 40.000000 39.983830 0.000000 -0.588000
2.251666 1.280890 34.641016 19.363000 40.000000 39.980890 0.000000 -0.637000
2.424871 1.377705 34.641016 19.314000 40.000000 39.977705 0.000000 -0.686000
2.598076 1.474275 34.641016 19.265000 40.000000 39.974275 0.000000 -0.735000
2.771281 1.570600 34.641016 19.216000 40.000000 39.970600 0.000000 -0.784000
2.944486 1.666680 34.641016 19.167000 40.000000 39.966680 0.000000 -0.833000
3.117691 1.762515 34.641016 19.118000 40.000000 39.962515 0.000000 -0.882000
3.290897 1.858105 34.641016 19.069000 40.000000 39.958105 0.000000 -0.931000
3.464102 1.953450 34.641016 19.020000 40.000000 39.953450 0.000000 -0.980000
3.637307 2.048550 34.641016 18.971000 40.000000 39.948550 0.000000 -1.029000
3.810512 2.143405 34.641016 18.922000 40.000000 39.943405 0.000000 -1.078000
3.983717 2.238015 34.641016 18.873000 40.000000 39.938015 0.000000 -1.127000
4.156922 2.332380 34.641016 18.824000 40.000000 39.932380 0.000000 -1.176000
4.330127 2.426500 34.641016 18.775000 40.000000 39.926500 0.000000 -1.225000
4.503332 2.520375 34.641016 18.726000 40.000000 39.920375 0.000000 -1.274000
4.676537 2.614005 34.641016 18.677000 40.000000 39.914005 0.000000 -1.323000
4.849742 2.707390 34.641016 18.628000 40.000000 39.907390 0.000000 -1.372000
5.022947 2.800530 34.641016 18.579000 40.000000 39.900530 0.000000 -1.421000
5.196152 2.893425 34.641016 18.530000 40.000000 39.893425 0.000000 -1.470000
5.369358 2.986075 34.641016 18.481000 40.000000 39.886075 0.000000 -1.519000
5.542563 3.078480 34.641016 18.432000 40.000000 39.878480 0.000000 -1.568000
5.715768 3.170640 34.641016 18.383000 40.000000 39.870640 0.000000 -1.617000
5.888973 3.262555 34.641016 18.334000 40.000000 39.862555 0.000000 -1.666000
6.062178 3.354225 34.641016 18.285000 40.000000 39.854225 0.000000 -1.715000
6.235383 3.445650 34.641016 18.236000 40.000000 39.845650 0.000000 -1.764000
6.408588 3.536830 34.641016 18.187000 40.000000 39.836830 0.000000 -1.813000
6.581793 3.627765 34.641016 18.138000 40.000000 39.827765 0.000000 -1.862000
6.754998 3.718455 34.641016 18.089000 40.000000 39.818455 0.000000 -1.911000
6.928203 3.808900 34.641016 18.040000 40.000000 39.808900 0.000000 -1.960000
7.101408 3.899100 34.641016 17.991000 40.000000 39.799100 0.000000 -2.009000
7.274613 3.989055 34.641016 17.942000 40.000000 39.789055 0.000000 -2.058000
7.447818 4.078765 34.641016 17.893000 40.000000 39.778765 0.000000 -2.107000
7.621024 4.168230 34.641016 17.844000 40.000000 39.768230 0.000000 -2.156000
7.794229 4.257450 34.641016 17.795000 40.000000 39.757450 0.000000 -2.205000
7.967434 4.346425 34.641016 17.746000 40.000000 39.746425 0.000000 -2.254000
8.140639 4.435155 34.641016 17.697000 40.000000 39.735155 0.000000 -2.303000
8.313844 4.523640 34.641016 17.648000 40.000000 39.723640 0.000000 -2.352000
8.487049 4.611880 34.641016 17.599000 40.000000 39.711880 0.000000 -2.401000
8.660254 4.699875 34.641016 17.550000 40.000000 39.699875 0.000000 -2.450000
8.833459 4.787625 34.641016 17.501000 40.000000 39.687625 0.000000 -2.499000
9.006664 4.875130 34.641016 17.452000 40.000000 39.675130 0.000000 -2.548000
9.179869 4.962390 34.641016 17.403000 40.000000 39.662390 0.000000 -2.597000
9.353074 5.049405 34.641016 17.354000 40.000000 39.649405 0.000000 -2.646000
9.526279 5.136175 34.641016 17.305000 40.000000 39.636175 0.000000 -2.695000
9.699485 5.222700 34.641016 17.256000 40.000000 39.622700 0.000000 -2.744000
9.872690 5.308980 34.641016 17.207000 40.000000 39.608980 0.000000 -2.793000
10.045895 5.395015 34.641016 17.158000 40.000000 39.595015 0.000000 -2.842000
10.219100 5.480805 34.641016 17.109000 40.000000 39.580805 0.000000 -2.891000
10.392305 5.566350 34.641016 17.060000 40.000000 39.566350 0.000000 -2.940000
10.565510 5.651650 34.641016 17.011000 40.000000 39.551650 0.000000 -2.989000
10.738715 5.736705 34.641016 16.962000 40.000000 39.536705 0.000000 -3.038000
10.911920 5.821515 34.641016 16.913000 40.000000 39.521515 0.000000 -3.087000
11.085125 5.906080 34.641016 16.864000 40.000000 39.506080 0.000000 -3.136000
11.258330 5.990400 34.641016 16.815000 40.000000 39.490400 0.000000 -3.185000
11.431535 6.074475 34.641016 16.766000 40.000000 39.474475 0.000000 -3.234000
11.604740 6.158305 34.641016 16.717000 40.000000 39.458305 0.000000 -3.283000
11.777945 6.241890 34.641016 16.668000 40.000000 39.441890 0.000000 -3.332000
11.951151 6.325230 34.641016 16.619000 40.000000 39.425230 0.000000 -3.381000
12.124356 6.408325 34.641016 16.570000 40.000000 39.408325 0.000000 -3.430000
12.297561 6.491175 34.641016 16.521000 40.000000 39.391175 0.000000 -3.479000
12.470766 6.573780 34.641016 16.472000 40.000000 39.373780 0.000000 -3.528000
12.643971 6.656140 34.641016 16.423000 40.000000 39.356140 0.000000 -3.577000
12.817176 6.738255 34.641016 16.374000 40.000000 39.338255 0.000000 -3.626000
12.990381 6.820125 34.641016 16.325000 40.000000 39.320125 0.000000 -3.675000
13.163586 6.901750 34.641016 16.276000 40.000000 39.301750 0.000000 -3.724000
13.336791 6.983130 34.641016 16.227000 40.000000 39.283130 0.000000 -3.773000
13.509996 7.064265 34.641016 16.178000 40.000000 39.264265 0.000000 -3.822000
13.683201 7.145155 34.641016 16.129000 40.000000 39.245155 0.000000 -3.871000
13.856406 7.225800 34.641016 16.080000 40.000000 39.225800 0.000000 -3.920000
14.029612 7.306200 34.641016 16.031000 40.000000 39.206200 0.000000 -3.969000
14.202817 7.386355 34.641016 15.982000 40.000000 39.186355 0.000000 -4.018000
14.376022 7.466265 34.641016 15.933000 40.000000 39.166265 0.000000 -4.067000
14.549227 7.545930 34.641016 15.884000 40.000000 39.145930 0.000000 -4.116000
14.722432 7.625350 34.641016 15.835000 40.000000 39.125350 0.000000 -4.165000
14.895637 7.704525 34.641016 15.786000 40.000000 39.104525 0.000000 -4.214000
15.068842 7.783455 34.641016 15.737000 40.000000 39.083455 0.000000 -4.263000
15.242047 7.862140 34.641016 15.688000 40.000000 39.062140 0.000000 -4.312000
15.415252 7.940580 34.641016 15.639000 40.000000 39.040580 0.000000 -4.361000
15.588457 8.018775 34.641016 15.590000 40.000000 39.018775 0.000000 -4.410000
15.761662 8.096725 34.641016 15.541000 40.000000 38.996725 0.000000 -4.459000
15.934867 8.174430 34.641016 15.492000 40.000000 38.974430 0.000000 -4.508000
16.108073 8.251890 34.641016 15.443000 40.000000 38.951890 0.000000 -4.557000
16.281278 8.329105 34.641016 15.394000 40.000000 38.929105 0.000000 -4.606000
16.454483 8.406075 34.641016 15.345000 40.000000 38.906075 0.000000 -4.655000
16.627688 8.482800 34.641016 15.296000 40.000000 38.882800 0.000000 -4.704000
16.800893 8.559280 34.641016 15.247000 40.000000 38.859280 0.000000 -4.753000
16.974098 8.635515 34.641016 15.198000 40.000000 38.835515 0.000000 -4.802000
17.147303 8.711505 34.641016 15.149000 40.000000 38.811505 0.000000 -4.851000
17.320508 8.787250 34.641016 15.100000 40.000000 38.787250 0.000000 -4.900000
17.493713 8.862750 34.641016 15.051000 40.000000 38.762750 0.000000 -4.949000
17.666918 8.938005 34.641016 15.002000 40.000000 38.738005 0.000000 -4.998000
17.840123 9.013015 34.641016 14.953000 40.000000 38.713015 0.000000 -5.047000
18.013328 9.087780 34.641016 14.904000 40.000000 38.687780 0.000000 -5.096000
18.186533 9.162300 34.641016 14.855000 40.000000 38.662300 0.000000 -5.145000
18.359739 9.236575 34.641016 14.806000 40.000000 38.636575 0.000000 -5.194000
18.532944 9.310605 34.641016 14.757000 40.000000 38.610605 0.000000 -5.243000
18.706149 9.384390 34.641016 14.708000 40.000000 38.584390 0.000000 -5.292000
18.879354 9.457930 34.641016 14.659000 40.000000 38.557930 0.000000 -5.341000
19.052559 9.531225 34.641016 14.610000 40.000000 38.531225 0.000000 -5.390000
19.225764 9.604275 34.641016 14.561000 40.000000 38.504275 0.000000 -5.439000
19.398969 9.677080 34.641016 14.512000 40.000000 38.477080 0.000000 -5.488000
19.572174 9.749640 34.641016 14.463000 40.000000 38.449640 0.000000 -5.537000
19.745379 9.821955 34.641016 14.414000 40.000000 38.421955 0.000000 -5.586000
19.918584 9.894025 34.641016 14.365000 40.000000 38.394025 0.000000 -5.635000
20.091789 9.965850 34.641016 14.316000 40.000000 38.365850 0.000000 -5.684000
20.264994 10.037430 34.641016 14.267000 40.000000 38.337430 0.000000 -5.733000
20.438200 10.108765 34.641016 14.218000 40.000000 38.308765 0.000000 -5.782000
20.611405 10.179855 34.641016 14.169000 40.000000 38.279855 0.000000 -5.831000
20.784610 10.250700 34.641016 14.120000 40.000000 38.250700 0.000000 -5.880000
20.957815 10.321300 34.641016 14.071000 40.000000 38.221300 0.000000 -5.929000
21.131020 10.391655 34.641016 14.022000 40.000000 38.191655 0.000000 -5.978000
21.304225 10.461765 34.641016 13.973000 40.000000 38.161765 0.000000 -6.027000
21.477430 10.531630 34.641016 13.924000 40.000000 38.131630 0.000000 -6.076000
21.650635 10.601250 34.641016 13.875000 40.000000 38.101250 0.000000 -6.125000
21.823840 10.670625 34.641016 13.826000 40.000000 38.070625 0.000000 -6.174000
21.997045 10.739755 34.641016 13.777000 40.000000 38.039755 0.000000 -6.223000
22.170250 10.808640 34.641016 13.728000 40.000000 38.008640 0.000000 -6.272000
22.343455 10.877280 34.641016 13.679000 40.000000 37.977280 0.000000 -6.321000
22.516660 10.945675 34.641016 13.630000 40.000000 37.945675 0.000000 -6.370000
22.689866 11.013825 34.641016 13.581000 40.000000 37.913825 0.000000 -6.419000
22.863071 11.081730 34.641016 13.532000 40.000000 37.881730 0.000000 -6.468000
23.036276 11.149390 34.641016 13.483000 40.000000 37.849390 0.000000 -6.517000
23.209481 11.216805 34.641016 13.434000 40.000000 37.816805 0.000000 -6.566000
23.382686 11.283975 34.641016 13.385000 40.000000 37.783975 0.000000 -6.615000
23.555891 11.350900 34.641016 13.336000 40.000000 37.750900 0.000000 -6.664000
23.729096 11.417580 34.641016 13.287000 40.000000 37.717580 0.000000 -6.713000
23.902301 11.484015 34.641016 13.238000 40.000000 37.684015 0.000000 -6.762000
24.075506 11.550205 34.641016 13.189000 40.000000 37.650205 0.000000 -6.811000
24.248711 11.616150 34.641016 13.140000 40.000000 37.616150 0.000000 -6.860000
24.421916 11.681850 34.641016 13.091000 40.000000 37.581850 0.000000 -6.909000
24.595121 11.747305 34.641016 13.042000 40.000000 37.547305 0.000000 -6.958000
24.768327 11.812515 34.641016 12.993000 40.000000 37.512515 0.000000 -7.007000
24.941532 11.877480 34.641016 12.944000 40.000000 37.477480 0.000000 -7.056000
25.114737 11.942200 34.641016 12.895000 40.000000 37.442200 0.000000 -7.105000
25.287942 12.006675 34.641016 12.846000 40.000000 37.406675 0.000000 -7.154000
25.461147 12.070905 34.641016 12.797000 40.000000 37.370905 0.000000 -7.203000
25.634352 12.134890 34.641016 12.748000 40.000000 37.334890 0.000000 -7.252000
25.807557 12.198630 34.641016 12.699000 40.000000 37.298630 0.000000 -7.301000
25.980762 12.262125 34.641016 12.650000 40.000000 37.262125 0.000000 -7.350000
26.153967 12.325375 34.641016 12.601000 40.000000 37.225375 0.000000 -7.399000
26.327172 12.388380 34.641016 12.552000 40.000000 37.188380 0.000000 -7.448000
26.500377 12.451140 34.641016 12.503000 40.000000 37.151140 0.000000 -7.497000
26.673582 12.513655 34.641016 12.454000 40.000000 37.113655 0.000000 -7.546000
26.846788 12.575925 34.641016 12.405000 40.000000 37.075925 0.000000 -7.595000
27.019993 12.637950 34.641016 12.356000 40.000000 37.037950 0.000000 -7.644000
27.193198 12.699730 34.641016 12.307000 40.000000 36.999730 0.000000 -7.693000
27.366403 12.761265 34.641016 12.258000 40.000000 36.961265 0.000000 -7.742000
27.539608 12.822555 34.641016 12.209000 40.000000 36.922555 0.000000 -7.791000
27.712813 12.883600 34.641016 12.160000 40.000000 36.883600 0.000000 -7.840000
27.886018 12.944400 34.641016 12.111000 40.000000 36.844400 0.000000 -7.889000
28.059223 13.004955 34.641016 12.062000 40.000000 36.804955 0.000000 -7.938000
28.232428 13.065265 34.641016 12.013000 40.000000 36.765265 0.000000 -7.987000
28.405633 13.125330 34.641016 11.964000 40.000000 36.725330 0.000000 -8.036000
28.578838 13.185150 34.641016 11.915000 40.000000 36.685150 0.000000 -8.085000
28.752043 13.244725 34.641016 11.866000 40.000000 36.644725 0.000000 -8.134000
28.925248 13.304055 34.641016 11.817000 40.000000 36.604055 0.000000 -8.183000
29.098454 13.363140 34.641016 11.768000 40.000000 36.563140 0.000000 -8.232000
29.271659 13.421980 34.641016 11.719000 40.000000 36.521980 0.000000 -8.281000
29.444864 13.480575 34.641016 11.670000 40.000000 36.480575 0.000000 -8.330000
29.618069 13.538925 34.641016 11.621000 40.000000 36.438925 0.000000 -8.379000
29.791274 13.597030 34.641016 11.572000 40.000000 36.397030 0.000000 -8.428000
29.964479 13.654890 34.641016 11.523000 40.000000 36.354890 0.000000 -8.477000
30.137684 13.712505 34.641016 11.474000 40.000000 36.312505 0.000000 -8.526000
30.310889 13.769875 34.641016 11.425000 40.000000 36.269875 0.000000 -8.575000
30.484094 13.827000 34.641016 11.376000 40.000000 36.227000 0.000000 -8.624000
30.657299 13.883880 34.641016 11.327000 40.000000 36.183880 0.000000 -8.673000
30.830504 13.940515 34.641016 11.278000 40.000000 36.140515 0.000000 -8.722000
31.003709 13.996905 34.641016 11.229000 40.000000 36.096905 0.000000 -8.771000
31.176915 14.053050 34.641016 11.180000 40.000000 36.053050 0.000000 -8.820000
31.350120 14.108950 34.641016 11.131000 40.000000 36.008950 0.000000 -8.869000
31.523325 14.164605 34.641016 11.082000 40.000000 35.964605 0.000000 -8.918000
31.696530 14.220015 34.641016 11.033000 40.000000 35.920015 0.000000 -8.967000
31.869735 14.275180 34.641016 10.984000 40.000000 35.875180 0.000000 -9.016000
32.042940 14.330100 34.641016 10.935000 40.000000 35.830100 0.000000 -9.065000
32.216145 14.384775 34.641016 10.886000 40.000000 35.784775 0.000000 -9.114000
32.389350 14.439205 34.641016 10.837000 40.000000 35.739205 0.000000 -9.163000
32.562555 14.493390 34.641016 10.788000 40.000000 35.693390 0.000000 -9.212000
32.735760 14.547330 34.641016 10.739000 40.000000 35.647330 0.000000 -9.261000
32.908965 14.601025 34.641016 10.690000 40.000000 35.601025 0.000000 -9.310000
33.082170 14.654475 34.641016 10.641000 40.000000 35.554475 0.000000 -9.359000
33.255376 14.707680 34.641016 10.592000 40.000000 35.507680 0.000000 -9.408000
33.428581 14.760640 34.641016 10.543000 40.000000 35.460640 0.000000 -9.457000
33.601786 14.813355 34.641016 10.494000 40.000000 35.413355 0.000000 -9.506000
33.774991 14.865825 34.641016 10.445000 40.000000 35.365825 0.000000 -9.555000
33.948196 14.918050 34.641016 10.396000 40.000000 35.318050 0.000000 -9.604000
34.121401 14.970030 34.641016 10.347000 40.000000 35.270030 0.000000 -9.653000
34.294606 15.021765 34.641016 10.298000 40.000000 35.221765 0.000000 -9.702000
34.467811 15.073255 34.641016 10.249000 40.000000 35.173255 0.000000 -9.751000
34.641016 15.124500 34.641016 10.200000 40.000000 35.124500 0.000000 -9.800000
34.814221 15.175500 34.641016 10.151000 40.000000 35.075500 0.000000 -9.849000
34.987426 15.226255 34.641016 10.102000 40.000000 35.026255 0.000000 -9.898000
35.160631 15.276765 34.641016 10.053000 40.000000 34.976765 0.000000 -9.947000
35.333836 15.327030 34.641016 10.004000 40.000000 34.927030 0.000000 -9.996000
35.507042 15.377050 34.641016 9.955000 40.000000 34.877050 0.000000 -10.045000
35.680247 15.426825 34.641016 9.906000 40.000000 34.826825 0.000000 -10.094000
35.853452 15.476355 34.641016 9.857000 40.000000 34.776355 0.000000 -10.143000
36.026657 15.525640 34.641016 9.808000 40.000000 34.725640 0.000000 -10.192000
36.199862 15.574680 34.641016 9.759000 40.000000 34.674680 0.000000 -10.241000
36.373067 15.623475 34.641016 9.710000 40.000000 34.623475 0.000000 -10.290000
36.546272 15.672025 34.641016 9.661000 40.000000 34.572025 0.000000 -10.339000
36.719477 15.720330 34.641016 9.612000 40.000000 34.520330 0.000000 -10.388000
36.892682 15.768390 34.641016 9.563000 40.000000 34.468390 0.000000 -10.437000
37.065887 15.816205 34.641016 9.514000 40.000000 34.416205 0.000000 -10.486000
37.239092 15.863775 34.641016 9.465000 40.000000 34.363775 0.000000 -10.535000
37.412297 15.911100 34.641016 9.416000 40.000000 34.311100 0.000000 -10.584000
37.585503 15.958180 34.641016 9.367000 40.000000 34.258180 0.000000 -10.633000
37.758708 16.005015 34.641016 9.318000 40.000000 34.205015 0.000000 -10.682000
37.931913 16.051605 34.641016 9.269000 40.000000 34.151605 0.000000 -10.731000
38.105118 16.097950 34.641016 9.220000 40.000000 34.097950 0.000000 -10.780000
38.278323 16.144050 34.641016 9.171000 40.000000 34.044050 0.000000 -10.829000
38.451528 16.189905 34.641016 9.122000 40.000000 33.989905 0.000000 -10.878000
38.624733 16.235515 34.641016 9.073000 40.000000 33.935515 0.000000 -10.927000
38.797938 16.280880 34.641016 9.024000 40.000000 33.880880 0.000000 -10.976000
38.971143 16.326000 34.641016 8.975000 40.000000 33.826000 0.000000 -11.025000
39.144348 16.370875 34.641016 8.926000 40.000000 33.770875 0.000000 -11.074000
39.317553 16.415505 34.641016 8.877000 40.000000 33.715505 0.000000 -11.123000
39.490758 16.459890 34.641016 8.828000 40.000000 33.659890 0.000000 -11.172000
39.663963 16.504030 34.641016 8.779000 40.000000 33.604030 0.000000 -11.221000
39.837169 16.547925 34.641016 8.730000 40.000000 33.547925 0.000000 -11.270000
40.010374 16.591575 34.641016 8.681000 40.000000 33.491575 0.000000 -11.319000
40.183579 16.634980 34.641016 8.632000 40.000000 33.434980 0.000000 -11.368000
40.356784 16.678140 34.641016 8.583000 40.000000 33.378140 0.000000 -11.417000
40.529989 16.721055 34.641016 8.534000 40.000000 33.321055 0.000000 -11.466000
40.703194 16.763725 34.641016 8.485000 40.000000 33.263725 0.000000 -11.515000
40.876399 16.806150 34.641016 8.436000 40.000000 33.206150 0.000000 -11.564000
41.049604 16.848330 34.641016 8.387000 40.000000 33.148330 0.000000 -11.613000
41.222809 16.890265 34.641016 8.338000 40.000000 33.090265 0.000000 -11.662000
41.396014 16.931955 34.641016 8.289000 40.000000 33.031955 0.000000 -11.711000
41.569219 16.973400 34.641016 8.240000 40.000000 32.973400 0.000000 -11.760000
41.742424 17.014600 34.641016 8.191000 40.000000 32.914600 0.000000 -11.809000
41.915630 17.055555 34.641016 8.142000 40.000000 32.855555 0.000000 -11.858000
42.088835 17.096265 34.641016 8.093000 40.000000 32.796265 0.000000 -11.907000
42.262040 17.136730 34.641016 8.044000 40.000000 32.736730 0.000000 -11.956000
42.435245 17.176950 34.641016 7.995000 40.000000 32.676950 0.000000 -12.005000
42.608450 17.216925 34.641016 7.946000 40.000000 32.616925 0.000000 -12.054000
42.781655 17.256655 34.641016 7.897000 40.000000 32.556655 0.000000 -12.103000
42.954860 17.296140 34.641016 7.848000 40.000000 32.496140 0.000000 -12.152000
43.128065 17.335380 34.641016 7.799000 40.000000 32.435380 0.000000 -12.201000
43.301270 17.374375 34.641016 7.750000 40.000000 32.374375 0.000000 -12.250000
43.474475 17.413125 34.641016 7.701000 40.000000 32.313125 0.000000 -12.299000
43.647680 17.451630 34.641016 7.652000 40.000000 32.251630 0.000000 -12.348000
43.820885 17.489890 34.641016 7.603000 40.000000 32.189890 0.000000 -12.397000
43.994091 17.527905 34.641016 7.554000 40.000000 32.127905 0.000000 -12.446000
44.167296 17.565675 34.641016 7.505000 40.000000 32.065675 0.000000 -12.495000
44.340501 17.603200 34.641016 7.456000 40.000000 32.003200 0.000000 -12.544000
44.513706 17.640480 34.641016 7.407000 40.000000 31.940480 0.000000 -12.593000
44.686911 17.677515 34.641016 7.358000 40.000000 31.877515 0.000000 -12.642000
44.860116 17.714305 34.641016 7.309000 40.000000 31.814305 0.000000 -12.691000
45.033321 17.750850 34.641016 7.260000 40.000000 31.750850 0.000000 -12.740000
45.206526 17.787150 34.641016 7.211000 40.000000 31.687150 0.000000 -12.789000
45.379731 17.823205 34.641016 7.162000 40.000000 31.623205 0.000000 -12.838000
45.552936 17.859015 34.641016 7.113000 40.000000 31.559015 0.000000 -12.887000
45.726141 17.894580 34.641016 7.064000 40.000000 31.494580 0.000000 -12.936000
45.899346 17.929900 34.641016 7.015000 40.000000 31.429900 0.000000 -12.985000
46.072551 17.964975 34.641016 6.966000 40.000000 31.364975 0.000000 -13.034000
46.245757 17.999805 34.641016 6.917000 40.000000 31.299805 0.000000 -13.083000
46.418962 18.034390 34.641016 6.868000 40.000000 31.234390 0.000000 -13.132000
46.592167 18.068730 34.641016 6.819000 40.000000 31.168730 0.000000 -13.181000
46.765372 18.102825 34.641016 6.770000 40.000000 31.102825 0.000000 -13.230000
46.938577 18.136675 34.641016 6.721000 40.000000 31.036675 0.000000 -13.279000
47.111782 18.170280 34.641016 6.672000 40.000000 30.970280 0.000000 -13.328000
47.284987 18.203640 34.641016 6.623000 40.000000 30.903640 0.000000 -13.377000
47.458192 18.236755 34.641016 6.574000 40.000000 30.836755 0.000000 -13.426000
47.631397 18.269625 34.641016 6.525000 40.000000 30.769625 0.000000 -13.475000
47.804602 18.302250 34.641016 6.476000 40.000000 30.702250 0.000000 -13.524000
47.977807 18.334630 34.641016 6.427000 40.000000 30.634630 0.000000 -13.573000
48.151012 18.366765 34.641016 6.378000 40.000000 30.566765 0.000000 -13.622000
48.324218 18.398655 34.641016 6.329000 40.000000 30.498655 0.000000 -13.671000
48.497423 18.430300 34.641016 6.280000 40.000000 30.430300 0.000000 -13.720000
48.670628 18.461700 34.641016 6.231000 40.000000 30.361700 0.000000 -13.769000
48.843833 18.492855 34.641016 6.182000 40.000000 30.292855 0.000000 -13.818000
49.017038 18.523765 34.641016 6.133000 40.000000 30.223765 0.000000 -13.867000
49.190243 18.554430 34.641016 6.084000 40.000000 30.154430 0.000000 -13.916000
49.363448 18.584850 34.641016 6.035000 40.000000 30.084850 0.000000 -13.965000
49.536653 18.615025 34.641016 5.986000 40.000000 30.015025 0.000000 -14.014000
49.709858 18.644955 34.641016 5.937000 40.000000 29.944955 0.000000 -14.063000
49.883063 18.674640 34.641016 5.888000 40.000000 29.874640 0.000000 -14.112000
50.056268 18.704080 34.641016 5.839000 40.000000 29.804080 0.000000 -14.161000
50.229473 18.733275 34.641016 5.790000 40.000000 29.733275 0.000000 -14.210000
50.402679 18.762225 34.641016 5.741000 40.000000 29.662225 0.000000 -14.259000
50.575884 18.790930 34.641016 5.692000 40.000000 29.590930 0.000000 -14.308000
50.749089 18.819390 34.641016 5.643000 40.000000 29.519390 0.000000 -14.357000
50.922294 18.847605 34.641016 5.594000 40.000000 29.447605 0.000000 -14.406000
51.095499 18.875575 34.641016 5.545000 40.000000 29.375575 0.000000 -14.455000
51.268704 18.903300 34.641016 5.496000 40.000000 29.303300 0.000000 -14.504000
51.441909 18.930780 34.641016 5.447000 40.000000 29.230780 0.000000 -14.553000
51.615114 18.958015 34.641016 5.398000 40.000000 29.158015 0.000000 -14.602000
51.788319 18.985005 34.641016 5.349000 40.000000 29.085005 0.000000 -14.651000
51.961524 19.011750 34.641016 5.300000 40.000000 29.011750 0.000000 -14.700000
52.134729 19.038250 34.641016 5.251000 40.000000 28.938250 0.000000 -14.749000
52.307934 19.064505 34.641016 5.202000 40.000000 28.864505 0.000000 -14.798000
52.481139 19.090515 34.641016 5.153000 40.000000 28.790515 0.000000 -14.847000
52.654345 19.116280 34.641016 5.104000 40.000000 28.716280 0.000000 -14.896000
52.827550 19.141800 34.641016 5.055000 40.000000 28.641800 0.000000 -14.945000
53.000755 19.167075 34.641016 5.006000 40.000000 28.567075 0.000000 -14.994000
53.173960 19.192105 34.641016 4.957000 40.000000 28.492105 0.000000 -15.043000
53.347165 19.216890 34.641016 4.908000 40.000000 28.416890 0.000000 -15.092000
53.520370 19.241430 34.641016 4.859000 40.000000 28.341430 0.000000 -15.141000
53.693575 19.265725 34.641016 4.810000 40.000000 28.265725 0.000000 -15.190000
53.866780 19.289775 34.641016 4.761000 40.000000 28.189775 0.000000 -15.239000
54.039985 19.313580 34.641016 4.712000 40.000000 28.113580 0.000000 -15.288000
54.213190 19.337140 34.641016 4.663000 40.000000 28.037140 0.000000 -15.337000
54.386395 19.360455 34.641016 4.614000 40.000000 27.960455 0.000000 -15.386000
54.559600 19.383525 34.641016 4.565000 40.000000 27.883525 0.000000 -15.435000
54.732806 19.406350 34.641016 4.516000 40.000000 27.806350 0.000000 -15.484000
54.906011 19.428930 34.641016 4.467000 40.000000 27.728930 0.000000 -15.533000
55.079216 19.451265 34.641016 4.418000 40.000000 27.651265 0.000000 -15.582000
55.252421 19.473355 34.641016 4.369000 40.000000 27.573355 0.000000 -15.631000
55.425626 19.495200 34.641016 4.320000 40.000000 27.495200 0.000000 -15.680000
55.598831 19.516800 34.641016 4.271000 40.000000 27.416800 0.000000 -15.729000
55.772036 19.538155 34.641016 4.222000 40.000000 27.338155 0.000000 -15.778000
55.945241 19.559265 34.641016 4.173000 40.000000 27.259265 0.000000 -15.827000
56.118446 19.580130 34.641016 4.124000 40.000000 27.180130 0.000000 -15.876000
56.291651 19.600750 34.641016 4.075000 40.000000 27.100750 0.000000 -15.925000
56.464856 19.621125 34.641016 4.026000 40.000000 27.021125 0.000000 -15.974000
56.638061 19.641255 34.641016 3.977000 40.000000 26.941255 0.000000 -16.023000
56.811266 19.661140 34.641016 3.928000 40.000000 26.861140 0.000000 -16.072000
56.984472 19.680780 34.641016 3.879000 40.000000 26.780780 0.000000 -16.121000
57.157677 19.700175 34.641016 3.830000 40.000000 26.700175 0.000000 -16.170000
57.330882 19.719325 34.641016 3.781000 40.000000 26.619325 0.000000 -16.219000
57.504087 19.738230 34.641016 3.732000 40.000000 26.538230 0.000000 -16.268000
57.677292 19.756890 34.641016 3.683000 40.000000 26.456890 0.000000 -16.317000
57.850497 19.775305 34.641016 3.634000 40.000000 26.375305 0.000000 -16.366000
58.023702 19.793475 34.641016 3.585000 40.000000 26.293475 0.000000 -16.415000
58.196907 19.811400 34.641016 3.536000 40.000000 26.211400 0.000000 -16.464000
58.370112 19.829080 34.641016 3.487000 40.000000 26.129080 0.000000 -16.513000
58.543317 19.846515 34.641016 3.438000 40.000000 26.046515 0.000000 -16.562000
58.716522 19.863705 34.641016 3.389000 40.000000 25.963705 0.000000 -16.611000
58.889727 19.880650 34.641016 3.340000 40.000000 25.880650 0.000000 -16.660000
59.062933 19.897350 34.641016 3.291000 40.000000 25.797350 0.000000 -16.709000
59.236138 19.913805 34.641016 3.242000 40.000000 25.713805 0.000000 -16.758000
59.409343 19.930015 34.641016 3.193000 40.000000 25.630015 0.000000 -16.807000
59.582548 19.945980 34.641016 3.144000 40.000000 25.545980 0.000000 -16.856000
59.755753 19.961700 34.641016 3.095000 40.000000 25.461700 0.000000 -16.905000
59.928958 19.977175 34.641016 3.046000 40.000000 25.377175 0.000000 -16.954000
60.102163 19.992405 34.641016 2.997000 40.000000 25.292405 0.000000 -17.003000
60.275368 20.007390 34.641016 2.948000 40.000000 25.207390 0.000000 -17.052000
60.448573 20.022130 34.641016 2.899000 40.000000 25.122130 0.000000 -17.101000
60.621778 20.036625 34.641016 2.850000 40.000000 25.036625 0.000000 -17.150000
60.794983 20.050875 34.641016 2.801000 40.000000 24.950875 0.000000 -17.199000
60.968188 20.064880 34.641016 2.752000 40.000000 24.864880 0.000000 -17.248000
61.141394 20.078640 34.641016 2.703000 40.000000 24.778640 0.000000 -17.297000
61.314599 20.092155 34.641016 2.654000 40.000000 24.692155 0.000000 -17.346000
61.487804 20.105425 34.641016 2.605000 40.000000 24.605425 0.000000 -17.395000
61.661009 20.118450 34.641016 2.556000 40.000000 24.518450 0.000000 -17.444000
61.834214 20.131230 34.641016 2.507000 40.000000 24.431230 0.000000 -17.493000
62.007419 20.143765 34.641016 2.458000 40.000000 24.343765 0.000000 -17.542000
62.180624 20.156055 34.641016 2.409000 40.000000 24.256055 0.000000 -17.591000
62.353829 20.168100 34.641016 2.360000 40.000000 24.168100 0.000000 -17.640000
62.527034 20.179900 34.641016 2.311000 40.000000 24.079900 0.000000 -17.689000
62.700239 20.191455 34.641016 2.262000 40.000000 23.991455 0.000000 -17.738000
62.873444 20.202765 34.641016 2.213000 40.000000 23.902765 0.000000 -17.787000
63.046649 20.213830 34.641016 2.164000 40.000000 23.813830 0.000000 -17.836000
63.219854 20.224650 34.641016 2.115000 40.000000 23.724650 0.000000 -17.885000
63.393060 20.235225 34.641016 2.066000 40.000000 23.635225 0.000000 -17.934000
63.566265 20.245555 34.641016 2.017000 40.000000 23.545555 0.000000 -17.983000
63.739470 20.255640 34.641016 1.968000 40.000000 23.455640 0.000000 -18.032000
63.912675 20.265480 34.641016 1.919000 40.000000 23.365480 0.000000 -18.081000
64.085880 20.275075 34.641016 1.870000 40.000000 23.275075 0.000000 -18.130000
64.259085 20.284425 34.641016 1.821000 40.000000 23.184425 0.000000 -18.179000
64.432290 20.293530 34.641016 1.772000 40.000000 23.093530 0.000000 -18.228000
64.605495 20.302390 34.641016 1.723000 40.000000 23.002390 0.000000 -18.277000
64.778700 20.311005 34.641016 1.674000 40.000000 22.911005 0.000000 -18.326000
64.951905 20.319375 34.641016 1.625000 40.000000 22.819375 0.000000 -18.375000
65.125110 20.327500 34.641016 1.576000 40.000000 22.727500 0.000000 -18.424000
65.298315 20.335380 34.641016 1.527000 40.000000 22.635380 0.000000 -18.473000
65.471521 20.343015 34.641016 1.478000 40.000000 22.543015 0.000000 -18.522000
65.644726 20.350405 34.641016 1.429000 40.000000 22.450405 0.000000 -18.571000
65.817931 20.357550 34.641016 1.380000 40.000000 22.357550 0.000000 -18.620000
65.991136 20.364450 34.641016 1.331000 40.000000 22.264450 0.000000 -18.669000
66.164341 20.371105 34.641016 1.282000 40.000000 22.171105 0.000000 -18.718000
66.337546 20.377515 34.641016 1.233000 40.000000 22.077515 0.000000 -18.767000
66.510751 20.383680 34.641016 1.184000 40.000000 21.983680 0.000000 -18.816000
66.683956 20.389600 34.641016 1.135000 40.000000 21.889600 0.000000 -18.865000
66.857161 20.395275 34.641016 1.086000 40.000000 21.795275 0.000000 -18.914000
67.030366 20.400705 34.641016 1.037000 40.000000 21.700705 0.000000 -18.963000
67.203571 20.405890 34.641016 0.988000 40.000000 21.605890 0.000000 -19.012000
67.376776 20.410830 34.641016 0.939000 40.000000 21.510830 0.000000 -19.061000
67.549981 20.415525 34.641016 0.890000 40.000000 21.415525 0.000000 -19.110000
67.723187 20.419975 34.641016 0.841000 40.000000 21.319975 0.000000 -19.159000
67.896392 20.424180 34.641016 0.792000 40.000000 21.224180 0.000000 -19.208000
68.069597 20.428140 34.641016 0.743000 40.000000 21.128140 0.000000 -19.257000
68.242802 20.431855 34.641016 0.694000 40.000000 21.031855 0.000000 -19.306000
68.416007 20.435325 34.641016 0.645000 40.000000 20.935325 0.000000 -19.355000
68.589212 20.438550 34.641016 0.596000 40.000000 20.838550 0.000000 -19.404000
68.762417 20.441530 34.641016 0.547000 40.000000 20.741530 0.000000 -19.453000
68.935622 20.444265 34.641016 0.498000 40.000000 20.644265 0.000000 -19.502000
69.108827 20.446755 34.641016 0.449000 40.000000 20.546755 0.000000 -19.551000
69.282032 20.449000 34.641016 0.400000 40.000000 20.449000 0.000000 -19.600000
69.455237 20.451000 34.641016 0.351000 40.000000 20.351000 0.000000 -19.649000
69.628442 20.452755 34.641016 0.302000 40.000000 20.252755 0.000000 -19.698000
69.801648 20.454265 34.641016 0.253000 40.000000 20.154265 0.000000 -19.747000
69.974853 20.455530 34.641016 0.204000 40.000000 20.055530 0.000000 -19.796000
70.148058 20.456550 34.641016 0.155000 40.000000 19.956550 0.000000 -19.845000
70.321263 20.457325 34.641016 0.106000 40.000000 19.857325 0.000000 -19.894000
70.494468 20.457855 34.641016 0.057000 40.000000 19.757855 0.000000 -19.943000
70.667673 20.458140 34.641016 0.008000 40.000000 19.658140 0.000000 -19.992000
70.840878 20.458180 34.641016 -0.041000 40.000000 19.558180 0.000000 -20.041000
71.014083 20.457975 34.641016 -0.090000 40.000000 19.457975 0.000000 -20.090000
71.187288 20.457525 34.641016 -0.139000 40.000000 19.357525 0.000000 -20.139000
71.360493 20.456830 34.641016 -0.188000 40.000000 19.256830 0.000000 -20.188000
71.533698 20.455890 34.641016 -0.237000 40.000000 19.155890 0.000000 -20.237000
71.706903 20.454705 34.641016 -0.286000 40.000000 19.054705 0.000000 -20.286000
71.880109 20.453275 34.641016 -0.335000 40.000000 18.953275 0.000000 -20.335000
72.053314 20.451600 34.641016 -0.384000 40.000000 18.851600 0.000000 -20.384000
72.226519 20.449680 34.641016 -0.433000 40.000000 18.749680 0.000000 -20.433000
72.399724 20.447515 34.641016 -0.482000 40.000000 18.647515 0.000000 -20.482000
72.572929 20.445105 34.641016 -0.531000 40.000000 18.545105 0.000000 -20.531000
72.746134 20.442450 34.641016 -0.580000 40.000000 18.442450 0.000000 -20.580000
72.919339 20.439550 34.641016 -0.629000 40.000000 18.339550 0.000000 -20.629000
73.092544 20.436405 34.641016 -0.678000 40.000000 18.236405 0.000000 -20.678000
73.265749 20.433015 34.641016 -0.727000 40.000000 18.133015 0.000000 -20.727000
73.438954 20.429380 34.641016 -0.776000 40.000000 18.029380 0.000000 -20.776000
73.612159 20.425500 34.641016 -0.825000 40.000000 17.925500 0.000000 -20.825000
73.785364 20.421375 34.641016 -0.874000 40.000000 17.821375 0.000000 -20.874000
73.958569 20.417005 34.641016 -0.923000 40.000000 17.717005 0.000000 -20.923000
74.131775 20.412390 34.641016 -0.972000 40.000000 17.612390 0.000000 -20.972000
74.304980 20.407530 34.641016 -1.021000 40.000000 17.507530 0.000000 -21.021000
74.478185 20.402425 34.641016 -1.070000 40.000000 17.402425 0.000000 -21.070000
74.651390 20.397075 34.641016 -1.119000 40.000000 17.297075 0.000000 -21.119000
74.824595 20.391480 34.641016 -1.168000 40.000000 17.191480 0.000000 -21.168000
74.997800 20.385640 34.641016 -1.217000 40.000000 17.085640 0.000000 -21.217000
75.171005 20.379555 34.641016 -1.266000 40.000000 16.979555 0.000000 -21.266000
75.344210 20.373225 34.641016 -1.315000 40.000000 16.873225 0.000000 -21.315000
75.517415 20.366650 34.641016 -1.364000 40.000000 16.766650 0.000000 -21.364000
75.690620 20.359830 34.641016 -1.413000 40.000000 16.659830 0.000000 -21.413000
75.863825 20.352765 34.641016 -1.462000 40.000000 16.552765 0.000000 -21.462000
76.037030 20.345455 34.641016 -1.511000 40.000000 16.445455 0.000000 -21.511000
76.210236 20.337900 34.641016 -1.560000 40.000000 16.337900 0.000000 -21.560000
76.383441 20.330100 34.641016 -1.609000 40.000000 16.230100 0.000000 -21.609000
76.556646 20.322055 34.641016 -1.658000 40.000000 16.122055 0.000000 -21.658000
76.729851 20.313765 34.641016 -1.707000 40.000000 16.013765 0.000000 -21.707000
76.903056 20.305230 34.641016 -1.756000 40.000000 15.905230 0.000000 -21.756000
77.076261 20.296450 34.641016 -1.805000 40.000000 15.796450 0.000000 -21.805000
77.249466 20.287425 34.641016 -1.854000 40.000000 15.687425 0.000000 -21.854000
77.422671 20.278155 34.641016 -1.903000 40.000000 15.578155 0.000000 -21.903000
77.595876 20.268640 34.641016 -1.952000 40.000000 15.468640 0.000000 -21.952000
77.769081 20.258880 34.641016 -2.001000 40.000000 15.358880 0.000000 -22.001000
77.942286 20.248875 34.641016 -2.050000 40.000000 15.248875 0.000000 -22.050000
78.115491 20.238625 34.641016 -2.099000 40.000000 15.138625 0.000000 -22.099000
78.288697 20.228130 34.641016 -2.148000 40.000000 15.028130 0.000000 -22.148000
78.461902 20.217390 34.641016 -2.197000 40.000000 14.917390 0.000000 -22.197000
78.635107 20.206405 34.641016 -2.246000 40.000000 14.806405 0.000000 -22.246000
78.808312 20.195175 34.641016 -2.295000 40.000000 14.695175 0.000000 -22.295000
78.981517 20.183700 34.641016 -2.344000 40.000000 14.583700 0.000000 -22.344000
79.154722 20.171980 34.641016 -2.393000 40.000000 14.471980 0.000000 -22.393000
79.327927 20.160015 34.641016 -2.442000 40.000000 14.360015 0.000000 -22.442000
79.501132 20.147805 34.641016 -2.491000 40.000000 14.247805 0.000000 -22.491000
79.674337 20.135350 34.641016 -2.540000 40.000000 14.135350 0.000000 -22.540000
79.847542 20.122650 34.641016 -2.589000 40.000000 14.022650 0.000000 -22.589000
80.020747 20.109705 34.641016 -2.638000 40.000000 13.909705 0.000000 -22.638000
80.193952 20.096515 34.641016 -2.687000 40.000000 13.796515 0.000000 -22.687000
80.367157 20.083080 34.641016 -2.736000 40.000000 13.683080 0.000000 -22.736000
80.540363 20.069400 34.641016 -2.785000 40.000000 13.569400 0.000000 -22.785000
80.713568 20.055475 34.641016 -2.834000 40.000000 13.455475 0.000000 -22.834000
80.886773 20.041305 34.641016 -2.883000 40.000000 13.341305 0.000000 -22.883000
81.059978 20.026890 34.641016 -2.932000 40.000000 13.226890 0.000000 -22.932000
81.233183 20.012230 34.641016 -2.981000 40.000000 13.112230 0.000000 -22.981000
81.406388 19.997325 34.641016 -3.030000 40.000000 12.997325 0.000000 -23.030000
81.579593 19.982175 34.641016 -3.079000 40.000000 12.882175 0.000000 -23.079000
81.752798 19.966780 34.641016 -3.128000 40.000000 12.766780 0.000000 -23.128000
81.926003 19.951140 34.641016 -3.177000 40.000000 12.651140 0.000000 -23.177000
82.099208 19.935255 34.641016 -3.226000 40.000000 12.535255 0.000000 -23.226000
82.272413 19.919125 34.641016 -3.275000 40.000000 12.419125 0.000000 -23.275000
82.445618 19.902750 34.641016 -3.324000 40.000000 12.302750 0.000000 -23.324000
82.618824 19.886130 34.641016 -3.373000 40.000000 12.186130 0.000000 -23.373000
82.792029 19.869265 34.641016 -3.422000 40.000000 12.069265 0.000000 -23.422000
82.965234 19.852155 34.641016 -3.471000 40.000000 11.952155 0.000000 -23.471000
83.138439 19.834800 34.641016 -3.520000 40.000000 11.834800 0.000000 -23.520000
83.311644 19.817200 34.641016 -3.569000 40.000000 11.717200 0.000000 -23.569000
83.484849 19.799355 34.641016 -3.618000 40.000000 11.599355 0.000000 -23.618000
83.658054 19.781265 34.641016 -3.667000 40.000000 11.481265 0.000000 -23.667000
83.831259 19.762930 34.641016 -3.716000 40.000000 11.362930 0.000000 -23.716000
84.004464 19.744350 34.641016 -3.765000 40.000000 11.244350 0.000000 -23.765000
84.177669 19.725525 34.641016 -3.814000 40.000000 11.125525 0.000000 -23.814000
84.350874 19.706455 34.641016 -3.863000 40.000000 11.006455 0.000000 -23.863000
84.524079 19.687140 34.641016 -3.912000 40.000000 10.887140 0.000000 -23.912000
84.697284 19.667580 34.641016 -3.961000 40.000000 10.767580 0.000000 -23.961000
84.870490 19.647775 34.641016 -4.010000 40.000000 10.647775 0.000000 -24.010000
85.043695 19.627725 34.641016 -4.059000 40.000000 10.527725 0.000000 -24.059000
85.216900 19.607430 34.641016 -4.108000 40.000000 10.407430 0.000000 -24.108000
85.390105 19.586890 34.641016 -4.157000 40.000000 10.286890 0.000000 -24.157000
85.563310 19.566105 34.641016 -4.206000 40.000000 10.166105 0.000000 -24.206000
85.736515 19.545075 34.641016 -4.255000 40.000000 10.045075 0.000000 -24.255000
85.909720 19.523800 34.641016 -4.304000 40.000000 9.923800 0.000000 -24.304000
86.082925 19.502280 34.641016 -4.353000 40.000000 9.802280 0.000000 -24.353000
86.256130 19.480515 34.641016 -4.402000 40.000000 9.680515 0.000000 -24.402000
86.429335 19.458505 34.641016 -4.451000 40.000000 9.558505 0.000000 -24.451000
86.602540 19.436250 34.641016 -4.500000 40.000000 9.436250 0.000000 -24.500000
86.775745 19.413750 34.641016 -4.549000 40.000000 9.313750 0.000000 -24.549000
86.948951 19.391005 34.641016 -4.598000 40.000000 9.191005 0.000000 -24.598000
87.122156 19.368015 34.641016 -4.647000 40.000000 9.068015 0.000000 -24.647000
87.295361 19.344780 34.641016 -4.696000 40.000000 8.944780 0.000000 -24.696000
87.468566 19.321300 34.641016 -4.745000 40.000000 8.821300 0.000000 -24.745000
87.641771 19.297575 34.641016 -4.794000 40.000000 8.697575 0.000000 -24.794000
87.814976 19.273605 34.641016 -4.843000 40.000000 8.573605 0.000000 -24.843000
87.988181 19.249390 34.641016 -4.892000 40.000000 8.449390 0.000000 -24.892000
88.161386 19.224930 34.641016 -4.941000 40.000000 8.324930 0.000000 -24.941000
88.334591 19.200225 34.641016 -4.990000 40.000000 8.200225 0.000000 -24.990000
88.507796 19.175275 34.641016 -5.039000 40.000000 8.075275 0.000000 -25.039000
88.681001 19.150080 34.641016 -5.088000 40.000000 7.950080 0.000000 -25.088000
88.854206 19.124640 34.641016 -5.137000 40.000000 7.824640 0.000000 -25.137000
89.027412 19.098955 34.641016 -5.186000 40.000000 7.698955 0.000000 -25.186000
89.200617 19.073025 34.641016 -5.235000 40.000000 7.573025 0.000000 -25.235000
89.373822 19.046850 34.641016 -5.284000 40.000000 7.446850 0.000000 -25.284000
89.547027 19.020430 34.641016 -5.333000 40.000000 7.320430 0.000000 -25.333000
89.720232 18.993765 34.641016 -5.382000 40.000000 7.193765 0.000000 -25.382000
89.893437 18.966855 34.641016 -5.431000 40.000000 7.066855 0.000000 -25.431000
90.066642 18.939700 34.641016 -5.480000 40.000000 6.939700 0.000000 -25.480000
90.239847 18.912300 34.641016 -5.529000 40.000000 6.812300 0.000000 -25.529000
90.413052 18.884655 34.641016 -5.578000 40.000000 6.684655 0.000000 -25.578000
90.586257 18.856765 34.641016 -5.627000 40.000000 6.556765 0.000000 -25.627000
90.759462 18.828630 34.641016 -5.676000 40.000000 6.428630 0.000000 -25.676000
90.932667 18.800250 34.641016 -5.725000 40.000000 6.300250 0.000000 -25.725000
91.105872 18.771625 34.641016 -5.774000 40.000000 6.171625 0.000000 -25.774000
91.279078 18.742755 34.641016 -5.823000 40.000000 6.042755 0.000000 -25.823000
91.452283 18.713640 34.641016 -5.872000 40.000000 5.913640 0.000000 -25.872000
91.625488 18.684280 34.641016 -5.921000 40.000000 5.784280 0.000000 -25.921000
91.798693 18.654675 34.641016 -5.970000 40.000000 5.654675 0.000000 -25.970000
91.971898 18.624825 34.641016 -6.019000 40.000000 5.524825 0.000000 -26.019000
92.145103 18.594730 34.641016 -6.068000 40.000000 5.394730 0.000000 -26.068000
92.318308 18.564390 34.641016 -6.117000 40.000000 5.264390 0.000000 -26.117000
92.491513 18.533805 34.641016 -6.166000 40.000000 5.133805 0.000000 -26.166000
92.664718 18.502975 34.641016 -6.215000 40.000000 5.002975 0.000000 -26.215000
92.837923 18.471900 34.641016 -6.264000 40.000000 4.871900 0.000000 -26.264000
93.011128 18.440580 34.641016 -6.313000 40.000000 4.740580 0.000000 -26.313000
93.184333 18.409015 34.641016 -6.362000 40.000000 4.609015 0.000000 -26.362000
93.357539 18.377205 34.641016 -6.411000 40.000000 4.477205 0.000000 -26.411000
93.530744 18.345150 34.641016 -6.460000 40.000000 4.345150 0.000000 -26.460000
93.703949 18.312850 34.641016 -6.509000 40.000000 4.212850 0.000000 -26.509000
93.877154 18.280305 34.641016 -6.558000 40.000000 4.080305 0.000000 -26.558000
94.050359 18.247515 34.641016 -6.607000 40.000000 3.947515 0.000000 -26.607000
94.223564 18.214480 34.641016 -6.656000 40.000000 3.814480 0.000000 -26.656000
94.396769 18.181200 34.641016 -6.705000 40.000000 3.681200 0.000000 -26.705000
94.569974 18.147675 34.641016 -6.754000 40.000000 3.547675 0.000000 -26.754000
94.743179 18.113905 34.641016 -6.803000 40.000000 3.413905 0.000000 -26.803000
94.916384 18.079890 34.641016 -6.852000 40.000000 3.279890 0.000000 -26.852000
95.089589 18.045630 34.641016 -6.901000 40.000000 3.145630 0.000000 -26.901000
95.262794 18.011125 34.641016 -6.950000 40.000000 3.011125 0.000000 -26.950000
95.435999 17.976375 34.641016 -6.999000 40.000000 2.876375 0.000000 -26.999000
95.609205 17.941380 34.641016 -7.048000 40.000000 2.741380 0.000000 -27.048000
95.782410 17.906140 34.641016 -7.097000 40.000000 2.606140 0.000000 -27.097000
95.955615 17.870655 34.641016 -7.146000 40.000000 2.470655 0.000000 -27.146000
96.128820 17.834925 34.641016 -7.195000 40.000000 2.334925 0.000000 -27.195000
96.302025 17.798950 34.641016 -7.244000 40.000000 2.198950 0.000000 -27.244000
96.475230 17.762730 34.641016 -7.293000 40.000000 2.062730 0.000000 -27.293000
96.648435 17.726265 34.641016 -7.342000 40.000000 1.926265 0.000000 -27.342000
96.821640 17.689555 34.641016 -7.391000 40.000000 1.789555 0.000000 -27.391000
96.994845 17.652600 34.641016 -7.440000 40.000000 1.652600 0.000000 -27.440000
97.168050 17.615400 34.641016 -7.489000 40.000000 1.515400 0.000000 -27.489000
97.341255 17.577955 34.641016 -7.538000 40.000000 1.377955 0.000000 -27.538000
97.514460 17.540265 34.641016 -7.587000 40.000000 1.240265 0.000000 -27.587000
97.687666 17.502330 34.641016 -7.636000 40.000000 1.102330 0.000000 -27.636000
97.860871 17.464150 34.641016 -7.685000 40.000000 0.964150 0.000000 -27.685000
98.034076 17.425725 34.641016 -7.734000 40.000000 0.825725 0.000000 -27.734000
98.207281 17.387055 34.641016 -7.783000 40.000000 0.687055 0.000000 -27.783000
98.380486 17.348140 34.641016 -7.832000 40.000000 0.548140 0.000000 -27.832000
98.553691 17.308980 34.641016 -7.881000 40.000000 0.408980 0.000000 -27.881000
98.726896 17.269575 34.641016 -7.930000 40.000000 0.269575 0.000000 -27.930000
98.900101 17.229925 34.641016 -7.979000 40.000000 0.129925 0.000000 -27.979000
99.073306 17.190030 34.641016 -8.028000 40.000000 -0.009970 0.000000 11.211200
99.246511 17.149890 34.641016 -8.077000 40.000000 0.046086 0.000000 11.162200
99.419716 17.109505 34.641016 -8.126000 40.000000 0.101897 0.000000 11.113200
99.592921 17.068875 34.641016 -8.175000 40.000000 0.157463 0.000000 11.064200
99.766127 17.028000 34.641016 -8.224000 40.000000 0.212784 0.000000 11.015200
99.939332 16.986880 34.641016 -8.273000 40.000000 0.267860 0.000000 10.966200
100.112537 16.945515 34.641016 -8.322000 40.000000 0.322691 0.000000 10.917200
100.285742 16.903905 34.641016 -8.371000 40.000000 0.377277 0.000000 10.868200
100.458947 16.862050 34.641016 -8.420000 40.000000 0.431618 0.000000 10.819200
100.632152 16.819950 34.641016 -8.469000 40.000000 0.485714 0.000000 10.770200
100.805357 16.777605 34.641016 -8.518000 40.000000 0.539565 0.000000 10.721200
100.978562 16.735015 34.641016 -8.567000 40.000000 0.593171 0.000000 10.672200
101.151767 16.692180 34.641016 -8.616000 40.000000 0.646532 0.000000 10.623200
101.324972 16.649100 34.641016 -8.665000 40.000000 0.699648 0.000000 10.574200
101.498177 16.605775 34.641016 -8.714000 40.000000 0.752519 0.000000 10.525200
101.671382 16.562205 34.641016 -8.763000 40.000000 0.805145 0.000000 10.476200
101.844587 16.518390 34.641016 -8.812000 40.000000 0.857526 0.000000 10.427200
102.017793 16.474330 34.641016 -8.861000 40.000000 0.909662 0.000000 10.378200
102.190998 16.430025 34.641016 -8.910000 40.000000 0.961553 0.000000 10.329200
102.364203 16.385475 34.641016 -8.959000 40.000000 1.013199 0.000000 10.280200
102.537408 16.340680 34.641016 -9.008000 40.000000 1.064600 0.000000 10.231200
102.710613 16.295640 34.641016 -9.057000 40.000000 1.115756 0.000000 10.182200
102.883818 16.250355 34.641016 -9.106000 40.000000 1.166667 0.000000 10.133200
103.057023 16.204825 34.641016 -9.155000 40.000000 1.217333 0.000000 10.084200
103.230228 16.159050 34.641016 -9.204000 40.000000 1.267754 0.000000 10.035200
103.403433 16.113030 34.641016 -9.253000 40.000000 1.317930 0.000000 9.986200
103.576638 16.066765 34.641016 -9.302000 40.000000 1.367861 0.000000 9.937200
103.749843 16.020255 34.641016 -9.351000 40.000000 1.417547 0.000000 9.888200
103.923048 15.973500 34.641016 -9.400000 40.000000 1.466988 0.000000 9.839200
104.096254 15.926500 34.641016 -9.449000 40.000000 1.516184 0.000000 9.790200
104.269459 15.879255 34.641016 -9.498000 40.000000 1.565135 0.000000 9.741200
104.442664 15.831765 34.641016 -9.547000 40.000000 1.613841 0.000000 9.692200
104.615869 15.784030 34.641016 -9.596000 40.000000 1.662302 0.000000 9.643200
104.789074 15.736050 34.641016 -9.645000 40.000000 1.710518 0.000000 9.594200
104.962279 15.687825 34.641016 -9.694000 40.000000 1.758489 0.000000 9.545200
105.135484 15.639355 34.641016 -9.743000 40.000000 1.806215 0.000000 9.496200
105.308689 15.590640 34.641016 -9.792000 40.000000 1.853696 0.000000 9.447200
105.481894 15.541680 34.641016 -9.841000 40.000000 1.900932 0.000000 9.398200
105.655099 15.492475 34.641016 -9.890000 40.000000 1.947923 0.000000 9.349200
105.828304 15.443025 34.641016 -9.939000 40.000000 1.994669 0.000000 9.300200
106.001509 15.393330 34.641016 -9.988000 40.000000 2.041170 0.000000 9.251200
106.174715 15.343390 34.641016 -10.037000 40.000000 2.087426 0.000000 9.202200
106.347920 15.293205 34.641016 -10.086000 40.000000 2.133437 0.000000 9.153200
106.521125 15.242775 34.641016 -10.135000 40.000000 2.179203 0.000000 9.104200
106.694330 15.192100 34.641016 -10.184000 40.000000 2.224724 0.000000 9.055200
106.867535 15.141180 34.641016 -10.233000 40.000000 2.270000 0.000000 9.006200
107.040740 15.090015 34.641016 -10.282000 40.000000 2.315031 0.000000 8.957200
107.213945 15.038605 34.641016 -10.331000 40.000000 2.359817 0.000000 8.908200
107.387150 14.986950 34.641016 -10.380000 40.000000 2.404358 0.000000 8.859200
107.560355 14.935050 34.641016 -10.429000 40.000000 2.448654 0.000000 8.810200
107.733560 14.882905 34.641016 -10.478000 40.000000 2.492705 0.000000 8.761200
107.906765 14.830515 34.641016 -10.527000 40.000000 2.536511 0.000000 8.712200
108.079970 14.777880 34.641016 -10.576000 40.000000 2.580072 0.000000 8.663200
108.253175 14.725000 34.641016 -10.625000 40.000000 2.623388 0.000000 8.614200
108.426381 14.671875 34.641016 -10.674000 40.000000 2.666459 0.000000 8.565200
108.599586 14.618505 34.641016 -10.723000 40.000000 2.709285 0.000000 8.516200
108.772791 14.564890 34.641016 -10.772000 40.000000 2.751866 0.000000 8.467200
108.945996 14.511030 34.641016 -10.821000 40.000000 2.794202 0.000000 8.418200
109.119201 14.456925 34.641016 -10.870000 40.000000 2.836293 0.000000 8.369200
109.292406 14.402575 34.641016 -10.919000 40.000000 2.878139 0.000000 8.320200
109.465611 14.347980 34.641016 -10.968000 40.000000 2.919740 0.000000 8.271200
109.638816 14.293140 34.641016 -11.017000 40.000000 2.961096 0.000000 8.222200
109.812021 14.238055 34.641016 -11.066000 40.000000 3.002207 0.000000 8.173200
109.985226 14.182725 34.641016 -11.115000 40.000000 3.043073 0.000000 8.124200
110.158431 14.127150 34.641016 -11.164000 40.000000 3.083694 0.000000 8.075200
110.331636 14.071330 34.641016 -11.213000 40.000000 3.124070 0.000000 8.026200
110.504842 14.015265 34.641016 -11.262000 40.000000 3.164201 0.000000 7.977200
110.678047 13.958955 34.641016 -11.311000 40.000000 3.204087 0.000000 7.928200
110.851252 13.902400 34.641016 -11.360000 40.000000 3.243728 0.000000 7.879200
111.024457 13.845600 34.641016 -11.409000 40.000000 3.283124 0.000000 7.830200
111.197662 13.788555 34.641016 -11.458000 40.000000 3.322275 0.000000 7.781200
111.370867 13.731265 34.641016 -11.507000 40.000000 3.361181 0.000000 7.732200
111.544072 13.673730 34.641016 -11.556000 40.000000 3.399842 0.000000 7.683200
111.717277 13.615950 34.641016 -11.605000 40.000000 3.438258 0.000000 7.634200
111.890482 13.557925 34.641016 -11.654000 40.000000 3.476429 0.000000 7.585200
112.063687 13.499655 34.641016 -11.703000 40.000000 3.514355 0.000000 7.536200
112.236892 13.441140 34.641016 -11.752000 40.000000 3.552036 0.000000 7.487200
112.410097 13.382380 34.641016 -11.801000 40.000000 3.589472 0.000000 7.438200
112.583302 13.323375 34.641016 -11.850000 40.000000 3.626663 0.000000 7.389200
112.756508 13.264125 34.641016 -11.899000 40.000000 3.663609 0.000000 7.340200
112.929713 13.204630 34.641016 -11.948000 40.000000 3.700310 0.000000 7.291200
113.102918 13.144890 34.641016 -11.997000 40.000000 3.736766 0.000000 7.242200
113.276123 13.084905 34.641016 -12.046000 40.000000 3.772977 0.000000 7.193200
113.449328 13.024675 34.641016 -12.095000 40.000000 3.808943 0.000000 7.144200
113.622533 12.964200 34.641016 -12.144000 40.000000 3.844664 0.000000 7.095200
113.795738 12.903480 34.641016 -12.193000 40.000000 3.880140 0.000000 7.046200
113.968943 12.842515 34.641016 -12.242000 40.000000 3.915371 0.000000 6.997200
114.142148 12.781305 34.641016 -12.291000 40.000000 3.950357 0.000000 6.948200
114.315353 12.719850 34.641016 -12.340000 40.000000 3.985098 0.000000 6.899200
114.488558 12.658150 34.641016 -12.389000 40.000000 4.019594 0.000000 6.850200
114.661763 12.596205 34.641016 -12.438000 40.000000 4.053845 0.000000 6.801200
114.834969 12.534015 34.641016 -12.487000 40.000000 4.087851 0.000000 6.752200
115.008174 12.471580 34.641016 -12.536000 40.000000 4.121612 0.000000 6.703200
115.181379 12.408900 34.641016 -12.585000 40.000000 4.155128 0.000000 6.654200
115.354584 12.345975 34.641016 -12.634000 40.000000 4.188399 0.000000 6.605200
115.527789 12.282805 34.641016 -12.683000 40.000000 4.221425 0.000000 6.556200
115.700994 12.219390 34.641016 -12.732000 40.000000 4.254206 0.000000 6.507200
115.874199 12.155730 34.641016 -12.781000 40.000000 4.286742 0.000000 6.458200
116.047404 12.091825 34.641016 -12.830000 40.000000 4.319033 0.000000 6.409200
116.220609 12.027675 34.641016 -12.879000 40.000000 4.351079 0.000000 6.360200
116.393814 11.963280 34.641016 -12.928000 40.000000 4.382880 0.000000 6.311200
116.567019 11.898640 34.641016 -12.977000 40.000000 4.414436 0.000000 6.262200
116.740224 11.833755 34.641016 -13.026000 40.000000 4.445747 0.000000 6.213200
116.913430 11.768625 34.641016 -13.075000 40.000000 4.476813 0.000000 6.164200
117.086635 11.703250 34.641016 -13.124000 40.000000 4.507634 0.000000 6.115200
117.259840 11.637630 34.641016 -13.173000 40.000000 4.538210 0.000000 6.066200
117.433045 11.571765 34.641016 -13.222000 40.000000 4.568541 0.000000 6.017200
117.606250 11.505655 34.641016 -13.271000 40.000000 4.598627 0.000000 5.968200
117.779455 11.439300 34.641016 -13.320000 40.000000 4.628468 0.000000 5.919200
117.952660 11.372700 34.641016 -13.369000 40.000000 4.658064 0.000000 5.870200
118.125865 11.305855 34.641016 -13.418000 40.000000 4.687415 0.000000 5.821200
118.299070 11.238765 34.641016 -13.467000 40.000000 4.716521 0.000000 5.772200
118.472275 11.171430 34.641016 -13.516000 40.000000 4.745382 0.000000 5.723200
118.645480 11.103850 34.641016 -13.565000 40.000000 4.773998 0.000000 5.674200
118.818685 11.036025 34.641016 -13.614000 40.000000 4.802369 0.000000 5.625200
118.991890 10.967955 34.641016 -13.663000 40.000000 4.830495 0.000000 5.576200
119.165096 10.899640 34.641016 -13.712000 40.000000 4.858376 0.000000 5.527200
119.338301 10.831080 34.641016 -13.761000 40.000000 4.886012 0.000000 5.478200
119.511506 10.762275 34.641016 -13.810000 40.000000 4.913403 0.000000 5.429200
119.684711 10.693225 34.641016 -13.859000 40.000000 4.940549 0.000000 5.380200
119.857916 10.623930 34.641016 -13.908000 40.000000 4.967450 0.000000 5.331200
120.031121 10.554390 34.641016 -13.957000 40.000000 4.994106 0.000000 5.282200
120.204326 10.484605 34.641016 -14.006000 40.000000 5.020517 0.000000 5.233200
120.377531 10.414575 34.641016 -14.055000 40.000000 5.046683 0.000000 5.184200
120.550736 10.344300 34.641016 -14.104000 40.000000 5.072604 0.000000 5.135200
120.723941 10.273780 34.641016 -14.153000 40.000000 5.098280 0.000000 5.086200
120.897146 10.203015 34.641016 -14.202000 40.000000 5.123711 0.000000 5.037200
121.070351 10.132005 34.641016 -14.251000 40.000000 5.148897 0.000000 4.988200
121.243557 10.060750 34.641016 -14.300000 40.000000 5.173838 0.000000 4.939200
121.416762 9.989250 34.641016 -14.349000 40.000000 5.198534 0.000000 4.890200
121.589967 9.917505 34.641016 -14.398000 40.000000 5.222985 0.000000 4.841200
121.763172 9.845515 34.641016 -14.447000 40.000000 5.247191 0.000000 4.792200
121.936377 9.773280 34.641016 -14.496000 40.000000 5.271152 0.000000 4.743200
122.109582 9.700800 34.641016 -14.545000 40.000000 5.294868 0.000000 4.694200
122.282787 9.628075 34.641016 -14.594000 40.000000 5.318339 0.000000 4.645200
122.455992 9.555105 34.641016 -14.643000 40.000000 5.341565 0.000000 4.596200
122.629197 9.481890 34.641016 -14.692000 40.000000 5.364546 0.000000 4.547200
122.802402 9.408430 34.641016 -14.741000 40.000000 5.387282 0.000000 4.498200
122.975607 9.334725 34.641016 -14.790000 40.000000 5.409773 0.000000 4.449200
123.148812 9.260775 34.641016 -14.839000 40.000000 5.432019 0.000000 4.400200
123.322017 9.186580 34.641016 -14.888000 40.000000 5.454020 0.000000 4.351200
123.495223 9.112140 34.641016 -14.937000 40.000000 5.475776 0.000000 4.302200
123.668428 9.037455 34.641016 -14.986000 40.000000 5.497287 0.000000 4.253200
123.841633 8.962525 34.641016 -15.035000 40.000000 5.518553 0.000000 4.204200
124.014838 8.887350 34.641016 -15.084000 40.000000 5.539574 0.000000 4.155200
124.188043 8.811930 34.641016 -15.133000 40.000000 5.560350 0.000000 4.106200
124.361248 8.736265 34.641016 -15.182000 40.000000 5.580881 0.000000 4.057200
124.534453 8.660355 34.641016 -15.231000 40.000000 5.601167 0.000000 4.008200
124.707658 8.584200 34.641016 -15.280000 40.000000 5.621208 0.000000 3.959200
124.880863 8.507800 34.641016 -15.329000 40.000000 5.641004 0.000000 3.910200
125.054068 8.431155 34.641016 -15.378000 40.000000 5.660555 0.000000 3.861200
125.227273 8.354265 34.641016 -15.427000 40.000000 5.679861 0.000000 3.812200
125.400478 8.277130 34.641016 -15.476000 40.000000 5.698922 0.000000 3.763200
125.573684 8.199750 34.641016 -15.525000 40.000000 5.717738 0.000000 3.714200
125.746889 8.122125 34.641016 -15.574000 40.000000 5.736309 0.000000 3.665200
125.920094 8.044255 34.641016 -15.623000 40.000000 5.754635 0.000000 3.616200
126.093299 7.966140 34.641016 -15.672000 40.000000 5.772716 0.000000 3.567200
126.266504 7.887780 34.641016 -15.721000 40.000000 5.790552 0.000000 3.518200
126.439709 7.809175 34.641016 -15.770000 40.000000 5.808143 0.000000 3.469200
126.612914 7.730325 34.641016 -15.819000 40.000000 5.825489 0.000000 3.420200
126.786119 7.651230 34.641016 -15.868000 40.000000 5.842590 0.000000 3.371200
126.959324 7.571890 34.641016 -15.917000 40.000000 5.859446 0.000000 3.322200
127.132529 7.492305 34.641016 -15.966000 40.000000 5.876057 0.000000 3.273200
127.305734 7.412475 34.641016 -16.015000 40.000000 5.892423 0.000000 3.224200
127.478939 7.332400 34.641016 -16.064000 40.000000 5.908544 0.000000 3.175200
127.652145 7.252080 34.641016 -16.113000 40.000000 5.924420 0.000000 3.126200
127.825350 7.171515 34.641016 -16.162000 40.000000 5.940051 0.000000 3.077200
127.998555 7.090705 34.641016 -16.211000 40.000000 5.955437 0.000000 3.028200
128.171760 7.009650 34.641016 -16.260000 40.000000 5.970578 0.000000 2.979200
128.344965 6.928350 34.641016 -16.309000 40.000000 5.985474 0.000000 2.930200
128.518170 6.846805 34.641016 -16.358000 40.000000 6.000125 0.000000 2.881200
128.691375 6.765015 34.641016 -16.407000 40.000000 6.014531 0.000000 2.832200
128.864580 6.682980 34.641016 -16.456000 40.000000 6.028692 0.000000 2.783200
129.037785 6.600700 34.641016 -16.505000 40.000000 6.042608 0.000000 2.734200
129.210990 6.518175 34.641016 -16.554000 40.000000 6.056279 0.000000 2.685200
129.384195 6.435405 34.641016 -16.603000 40.000000 6.069705 0.000000 2.636200
129.557400 6.352390 34.641016 -16.652000 40.000000 6.082886 0.000000 2.587200
129.730605 6.269130 34.641016 -16.701000 40.000000 6.095822 0.000000 2.538200
129.903811 6.185625 34.641016 -16.750000 40.000000 6.108513 0.000000 2.489200
130.077016 6.101875 34.641016 -16.799000 40.000000 6.120959 0.000000 2.440200
130.250221 6.017880 34.641016 -16.848000 40.000000 6.133160 0.000000 2.391200
130.423426 5.933640 34.641016 -16.897000 40.000000 6.145116 0.000000 2.342200
130.596631 5.849155 34.641016 -16.946000 40.000000 6.156827 0.000000 2.293200
130.769836 5.764425 34.641016 -16.995000 40.000000 6.168293 0.000000 2.244200
130.943041 5.679450 34.641016 -17.044000 40.000000 6.179514 0.000000 2.195200
131.116246 5.594230 34.641016 -17.093000 40.000000 6.190490 0.000000 2.146200
131.289451 5.508765 34.641016 -17.142000 40.000000 6.201221 0.000000 2.097200
131.462656 5.423055 34.641016 -17.191000 40.000000 6.211707 0.000000 2.048200
131.635861 5.337100 34.641016 -17.240000 40.000000 6.221948 0.000000 1.999200
131.809066 5.250900 34.641016 -17.289000 40.000000 6.231944 0.000000 1.950200
131.982272 5.164455 34.641016 -17.338000 40.000000 6.241695 0.000000 1.901200
132.155477 5.077765 34.641016 -17.387000 40.000000 6.251201 0.000000 1.852200
132.328682 4.990830 34.641016 -17.436000 40.000000 6.260462 0.000000 1.803200
132.501887 4.903650 34.641016 -17.485000 40.000000 6.269478 0.000000 1.754200
132.675092 4.816225 34.641016 -17.534000 40.000000 6.278249 0.000000 1.705200
132.848297 4.728555 34.641016 -17.583000 40.000000 6.286775 0.000000 1.656200
133.021502 4.640640 34.641016 -17.632000 40.000000 6.295056 0.000000 1.607200
133.194707 4.552480 34.641016 -17.681000 40.000000 6.303092 0.000000 1.558200
133.367912 4.464075 34.641016 -17.730000 40.000000 6.310883 0.000000 1.509200
133.541117 4.375425 34.641016 -17.779000 40.000000 6.318429 0.000000 1.460200
133.714322 4.286530 34.641016 -17.828000 40.000000 6.325730 0.000000 1.411200
133.887527 4.197390 34.641016 -17.877000 40.000000 6.332786 0.000000 1.362200
134.060733 4.108005 34.641016 -17.926000 40.000000 6.339597 0.000000 1.313200
134.233938 4.018375 34.641016 -17.975000 40.000000 6.346163 0.000000 1.264200
134.407143 3.928500 34.641016 -18.024000 40.000000 6.352484 0.000000 1.215200
134.580348 3.838380 34.641016 -18.073000 40.000000 6.358560 0.000000 1.166200
134.753553 3.748015 34.641016 -18.122000 40.000000 6.364391 0.000000 1.117200
134.926758 3.657405 34.641016 -18.171000 40.000000 6.369977 0.000000 1.068200
135.099963 3.566550 34.641016 -18.220000 40.000000 6.375318 0.000000 1.019200
135.273168 3.475450 34.641016 -18.269000 40.000000 6.380414 0.000000 0.970200
135.446373 3.384105 34.641016 -18.318000 40.000000 6.385265 0.000000 0.921200
135.619578 3.292515 34.641016 -18.367000 40.000000 6.389871 0.000000 0.872200
135.792783 3.200680 34.641016 -18.416000 40.000000 6.394232 0.000000 0.823200
135.965988 3.108600 34.641016 -18.465000 40.000000 6.398348 0.000000 0.774200
136.139193 3.016275 34.641016 -18.514000 40.000000 6.402219 0.000000 0.725200
136.312399 2.923705 34.641016 -18.563000 40.000000 6.405845 0.000000 0.676200
136.485604 2.830890 34.641016 -18.612000 40.000000 6.409226 0.000000 0.627200
136.658809 2.737830 34.641016 -18.661000 40.000000 6.412362 0.000000 0.578200
136.832014 2.644525 34.641016 -18.710000 40.000000 6.415253 0.000000 0.529200
137.005219 2.550975 34.641016 -18.759000 40.000000 6.417899 0.000000 0.480200
137.178424 2.457180 34.641016 -18.808000 40.000000 6.420300 0.000000 0.431200
137.351629 2.363140 34.641016 -18.857000 40.000000 6.422456 0.000000 0.382200
137.524834 2.268855 34.641016 -18.906000 40.000000 6.424367 0.000000 0.333200
137.698039 2.174325 34.641016 -18.955000 40.000000 6.426033 0.000000 0.284200
137.871244 2.079550 34.641016 -19.004000 40.000000 6.427454 0.000000 0.235200
138.044449 1.984530 34.641016 -19.053000 40.000000 6.428630 0.000000 0.186200
138.217654 1.889265 34.641016 -19.102000 40.000000 6.429561 0.000000 0.137200
138.390860 1.793755 34.641016 -19.151000 40.000000 6.430247 0.000000 0.088200
138.564065 1.698000 34.641016 -19.200000 40.000000 6.430688 0.000000 0.039200
138.737270 1.602000 34.641016 -19.249000 40.000000 6.430884 0.000000 -0.009800
138.910475 1.505755 34.641016 -19.298000 40.000000 6.430835 0.000000 -0.058800
139.083680 1.409265 34.641016 -19.347000 40.000000 6.430541 0.000000 -0.107800
139.256885 1.312530 34.641016 -19.396000 40.000000 6.430002 0.000000 -0.156800
139.430090 1.215550 34.641016 -19.445000 40.000000 6.429218 0.000000 -0.205800
139.603295 1.118325 34.641016 -19.494000 40.000000 6.428189 0.000000 -0.254800
139.776500 1.020855 34.641016 -19.543000 40.000000 6.426915 0.000000 -0.303800
139.949705 0.923140 34.641016 -19.592000 40.000000 6.425396 0.000000 -0.352800
140.122910 0.825180 34.641016 -19.641000 40.000000 6.423632 0.000000 -0.401800
140.296115 0.726975 34.641016 -19.690000 40.000000 6.421623 0.000000 -0.450800
140.469320 0.628525 34.641016 -19.739000 40.000000 6.419369 0.000000 -0.499800
140.642526 0.529830 34.641016 -19.788000 40.000000 6.416870 0.000000 -0.548800
140.815731 0.430890 34.641016 -19.837000 40.000000 6.414126 0.000000 -0.597800
140.988936 0.331705 34.641016 -19.886000 40.000000 6.411137 0.000000 -0.646800
141.162141 0.232275 34.641016 -19.935000 40.000000 6.407903 0.000000 -0.695800
141.335346 0.132600 34.641016 -19.984000 40.000000 6.404424 0.000000 -0.744800
141.508551 0.032680 34.641016 -20.033000 40.000000 6.400700 0.000000 -0.793800
141.681756 -0.067485 34.641016 8.032800 40.000000 6.396731 0.000000 -0.842800
141.854961 -0.027321 34.641016 7.983800 40.000000 6.392517 0.000000 -0.891800
142.028166 0.012598 34.641016 7.934800 40.000000 6.388058 0.000000 -0.940800
142.201371 0.052272 34.641016 7.885800 40.000000 6.383354 0.000000 -0.989800
142.374576 0.091701 34.641016 7.836800 40.000000 6.378405 0.000000 -1.038800
142.547781 0.130885 34.641016 7.787800 40.000000 6.373211 0.000000 -1.087800
142.720987 0.169824 34.641016 7.738800 40.000000 6.367772 0.000000 -1.136800
142.894192 0.208518 34.641016 7.689800 40.000000 6.362088 0.000000 -1.185800
143.067397 0.246967 34.641016 7.640800 40.000000 6.356159 0.000000 -1.234800
143.240602 0.285171 34.641016 7.591800 40.000000 6.349985 0.000000 -1.283800
143.413807 0.323130 34.641016 7.542800 40.000000 6.343566 0.000000 -1.332800
143.587012 0.360844 34.641016 7.493800 40.000000 6.336902 0.000000 -1.381800
143.760217 0.398313 34.641016 7.444800 40.000000 6.329993 0.000000 -1.430800
143.933422 0.435537 34.641016 7.395800 40.000000 6.322839 0.000000 -1.479800
144.106627 0.472516 34.641016 7.346800 40.000000 6.315440 0.000000 -1.528800
144.279832 0.509250 34.641016 7.297800 40.000000 6.307796 0.000000 -1.577800
144.453037 0.545739 34.641016 7.248800 40.000000 6.299907 0.000000 -1.626800
144.626242 0.581983 34.641016 7.199800 40.000000 6.291773 0.000000 -1.675800
144.799448 0.617982 34.641016 7.150800 40.000000 6.283394 0.000000 -1.724800
144.972653 0.653736 34.641016 7.101800 40.000000 6.274770 0.000000 -1.773800
145.145858 0.689245 34.641016 7.052800 40.000000 6.265901 0.000000 -1.822800
145.319063 0.724509 34.641016 7.003800 40.000000 6.256787 0.000000 -1.871800
145.492268 0.759528 34.641016 6.954800 40.000000 6.247428 0.000000 -1.920800
145.665473 0.794302 34.641016 6.905800 40.000000 6.237824 0.000000 -1.969800
145.838678 0.828831 34.641016 6.856800 40.000000 6.227975 0.000000 -2.018800
146.011883 0.863115 34.641016 6.807800 40.000000 6.217881 0.000000 -2.067800
146.185088 0.897154 34.641016 6.758800 40.000000 6.207542 0.000000 -2.116800
146.358293 0.930948 34.641016 6.709800 40.000000 6.196958 0.000000 -2.165800
146.531498 0.964497 34.641016 6.660800 40.000000 6.186129 0.000000 -2.214800
146.704703 0.997801 34.641016 6.611800 40.000000 6.175055 0.000000 -2.263800
146.877908 1.030860 34.641016 6.562800 40.000000 6.163736 0.000000 -2.312800
147.051114 1.063674 34.641016 6.513800 40.000000 6.152172 0.000000 -2.361800
147.224319 1.096243 34.641016 6.464800 40.000000 6.140363 0.000000 -2.410800
147.397524 1.128567 34.641016 6.415800 40.000000 6.128309 0.000000 -2.459800
147.570729 1.160646 34.641016 6.366800 40.000000 6.116010 0.000000 -2.508800
147.743934 1.192480 34.641016 6.317800 40.000000 6.103466 0.000000 -2.557800
147.917139 1.224069 34.641016 6.268800 40.000000 6.090677 0.000000 -2.606800
148.090344 1.255413 34.641016 6.219800 40.000000 6.077643 0.000000 -2.655800
148.263549 1.286512 34.641016 6.170800 40.000000 6.064364 0.000000 -2.704800
148.436754 1.317366 34.641016 6.121800 40.000000 6.050840 0.000000 -2.753800
148.609959 1.347975 34.641016 6.072800 40.000000 6.037071 0.000000 -2.802800
148.783164 1.378339 34.641016 6.023800 40.000000 6.023057 0.000000 -2.851800
148.956369 1.408458 34.641016 5.974800 40.000000 6.008798 0.000000 -2.900800
149.129575 1.438332 34.641016 5.925800 40.000000 5.994294 0.000000 -2.949800
149.302780 1.467961 34.641016 5.876800 40.000000 5.979545 0.000000 -2.998800
149.475985 1.497345 34.641016 5.827800 40.000000 5.964551 0.000000 -3.047800
149.649190 1.526484 34.641016 5.778800 40.000000 5.949312 0.000000 -3.096800
149.822395 1.555378 34.641016 5.729800 40.000000 5.933828 0.000000 -3.145800
149.995600 1.584027 34.641016 5.680800 40.000000 5.918099 0.000000 -3.194800
150.168805 1.612431 34.641016 5.631800 40.000000 5.902125 0.000000 -3.243800
150.342010 1.640590 34.641016 5.582800 40.000000 5.885906 0.000000 -3.292800
150.515215 1.668504 34.641016 5.533800 40.000000 5.869442 0.000000 -3.341800
150.688420 1.696173 34.641016 5.484800 40.000000 5.852733 0.000000 -3.390800
150.861625 1.723597 34.641016 5.435800 40.000000 5.835779 0.000000 -3.439800
151.034830 1.750776 34.641016 5.386800 40.000000 5.818580 0.000000 -3.488800
151.208036 1.777710 34.641016 5.337800 40.000000 5.801136 0.000000 -3.537800
151.381241 1.804399 34.641016 5.288800 40.000000 5.783447 0.000000 -3.586800
151.554446 1.830843 34.641016 5.239800 40.000000 5.765513 0.000000 -3.635800
151.727651 1.857042 34.641016 5.190800 40.000000 5.747334 0.000000 -3.684800
151.900856 1.882996 34.641016 5.141800 40.000000 5.728910 0.000000 -3.733800
152.074061 1.908705 34.641016 5.092800 40.000000 5.710241 0.000000 -3.782800
152.247266 1.934169 34.641016 5.043800 40.000000 5.691327 0.000000 -3.831800
152.420471 1.959388 34.641016 4.994800 40.000000 5.672168 0.000000 -3.880800
152.593676 1.984362 34.641016 4.945800 40.000000 5.652764 0.000000 -3.929800
152.766881 2.009091 34.641016 4.896800 40.000000 5.633115 0.000000 -3.978800
152.940086 2.033575 34.641016 4.847800 40.000000 5.613221 0.000000 -4.027800
153.113291 2.057814 34.641016 4.798800 40.000000 5.593082 0.000000 -4.076800
153.286496 2.081808 34.641016 4.749800 40.000000 5.572698 0.000000 -4.125800
153.459702 2.105557 34.641016 4.700800 40.000000 5.552069 0.000000 -4.174800
153.632907 2.129061 34.641016 4.651800 40.000000 5.531195 0.000000 -4.223800
153.806112 2.152320 34.641016 4.602800 40.000000 5.510076 0.000000 -4.272800
153.979317 2.175334 34.641016 4.553800 40.000000 5.488712 0.000000 -4.321800
154.152522 2.198103 34.641016 4.504800 40.000000 5.467103 0.000000 -4.370800
154.325727 2.220627 34.641016 4.455800 40.000000 5.445249 0.000000 -4.419800
154.498932 2.242906 34.641016 4.406800 40.000000 5.423150 0.000000 -4.468800
154.672137 2.264940 34.641016 4.357800 40.000000 5.400806 0.000000 -4.517800
154.845342 2.286729 34.641016 4.308800 40.000000 5.378217 0.000000 -4.566800
155.018547 2.308273 34.641016 4.259800 40.000000 5.355383 0.000000 -4.615800
155.191752 2.329572 34.641016 4.210800 40.000000 5.332304 0.000000 -4.664800
155.364957 2.350626 34.641016 4.161800 40.000000 5.308980 0.000000 -4.713800
155.538163 2.371435 34.641016 4.112800 40.000000 5.285411 0.000000 -4.762800
155.711368 2.391999 34.641016 4.063800 40.000000 5.261597 0.000000 -4.811800
155.884573 2.412318 34.641016 4.014800 40.000000 5.237538 0.000000 -4.860800
156.057778 2.432392 34.641016 3.965800 40.000000 5.213234 0.000000 -4.909800
156.230983 2.452221 34.641016 3.916800 40.000000 5.188685 0.000000 -4.958800
156.404188 2.471805 34.641016 3.867800 40.000000 5.163891 0.000000 -5.007800
156.577393 2.491144 34.641016 3.818800 40.000000 5.138852 0.000000 -5.056800
156.750598 2.510238 34.641016 3.769800 40.000000 5.113568 0.000000 -5.105800
156.923803 2.529087 34.641016 3.720800 40.000000 5.088039 0.000000 -5.154800
157.097008 2.547691 34.641016 3.671800 40.000000 5.062265 0.000000 -5.203800
157.270213 2.566050 34.641016 3.622800 40.000000 5.036246 0.000000 -5.252800
157.443418 2.584164 34.641016 3.573800 40.000000 5.009982 0.000000 -5.301800
157.616623 2.602033 34.641016 3.524800 40.000000 4.983473 0.000000 -5.350800
157.789829 2.619657 34.641016 3.475800 40.000000 4.956719 0.000000 -5.399800
157.963034 2.637036 34.641016 3.426800 40.000000 4.929720 0.000000 -5.448800
158.136239 2.654170 34.641016 3.377800 40.000000 4.902476 0.000000 -5.497800
158.309444 2.671059 34.641016 3.328800 40.000000 4.874987 0.000000 -5.546800
158.482649 2.687703 34.641016 3.279800 40.000000 4.847253 0.000000 -5.595800
158.655854 2.704102 34.641016 3.230800 40.000000 4.819274 0.000000 -5.644800
158.829059 2.720256 34.641016 3.181800 40.000000 4.791050 0.000000 -5.693800
159.002264 2.736165 34.641016 3.132800 40.000000 4.762581 0.000000 -5.742800
159.175469 2.751829 34.641016 3.083800 40.000000 4.733867 0.000000 -5.791800
159.348674 2.767248 34.641016 3.034800 40.000000 4.704908 0.000000 -5.840800
159.521879 2.782422 34.641016 2.985800 40.000000 4.675704 0.000000 -5.889800
159.695084 2.797351 34.641016 2.936800 40.000000 4.646255 0.000000 -5.938800
159.868290 2.812035 34.641016 2.887800 40.000000 4.616561 0.000000 -5.987800
160.041495 2.826474 34.641016 2.838800 40.000000 4.586622 0.000000 -6.036800
160.214700 2.840668 34.641016 2.789800 40.000000 4.556438 0.000000 -6.085800
160.387905 2.854617 34.641016 2.740800 40.000000 4.526009 0.000000 -6.134800
160.561110 2.868321 34.641016 2.691800 40.000000 4.495335 0.000000 -6.183800
160.734315 2.881780 34.641016 2.642800 40.000000 4.464416 0.000000 -6.232800
160.907520 2.894994 34.641016 2.593800 40.000000 4.433252 0.000000 -6.281800
161.080725 2.907963 34.641016 2.544800 40.000000 4.401843 0.000000 -6.330800
161.253930 2.920687 34.641016 2.495800 40.000000 4.370189 0.000000 -6.379800
161.427135 2.933166 34.641016 2.446800 40.000000 4.338290 0.000000 -6.428800
161.600340 2.945400 34.641016 2.397800 40.000000 4.306146 0.000000 -6.477800
161.773545 2.957389 34.641016 2.348800 40.000000 4.273757 0.000000 -6.526800
161.946751 2.969133 34.641016 2.299800 40.000000 4.241123 0.000000 -6.575800
162.119956 2.980632 34.641016 2.250800 40.000000 4.208244 0.000000 -6.624800
162.293161 2.991886 34.641016 2.201800 40.000000 4.175120 0.000000 -6.673800
162.466366 3.002895 34.641016 2.152800 40.000000 4.141751 0.000000 -6.722800
162.639571 3.013659 34.641016 2.103800 40.000000 4.108137 0.000000 -6.771800
162.812776 3.024178 34.641016 2.054800 40.000000 4.074278 0.000000 -6.820800
162.985981 3.034452 34.641016 2.005800 40.000000 4.040174 0.000000 -6.869800
163.159186 3.044481 34.641016 1.956800 40.000000 4.005825 0.000000 -6.918800
163.332391 3.054265 34.641016 1.907800 40.000000 3.971231 0.000000 -6.967800
163.505596 3.063804 34.641016 1.858800 40.000000 3.936392 0.000000 -7.016800
163.678801 3.073098 34.641016 1.809800 40.000000 3.901308 0.000000 -7.065800
163.852006 3.082147 34.641016 1.760800 40.000000 3.865979 0.000000 -7.114800
164.025211 3.090951 34.641016 1.711800 40.000000 3.830405 0.000000 -7.163800
164.198417 3.099510 34.641016 1.662800 40.000000 3.794586 0.000000 -7.212800
164.371622 3.107824 34.641016 1.613800 40.000000 3.758522 0.000000 -7.261800
164.544827 3.115893 34.641016 1.564800 40.000000 3.722213 0.000000 -7.310800
164.718032 3.123717 34.641016 1.515800 40.000000 3.685659 0.000000 -7.359800
164.891237 3.131296 34.641016 1.466800 40.000000 3.648860 0.000000 -7.408800
165.064442 3.138630 34.641016 1.417800 40.000000 3.611816 0.000000 -7.457800
165.237647 3.145719 34.641016 1.368800 40.000000 3.574527 0.000000 -7.506800
165.410852 3.152563 34.641016 1.319800 40.000000 3.536993 0.000000 -7.555800
165.584057 3.159162 34.641016 1.270800 40.000000 3.499214 0.000000 -7.604800
165.757262 3.165516 34.641016 1.221800 40.000000 3.461190 0.000000 -7.653800
165.930467 3.171625 34.641016 1.172800 40.000000 3.422921 0.000000 -7.702800
166.103672 3.177489 34.641016 1.123800 40.000000 3.384407 0.000000 -7.751800
166.276878 3.183108 34.641016 1.074800 40.000000 3.345648 0.000000 -7.800800
166.450083 3.188482 34.641016 1.025800 40.000000 3.306644 0.000000 -7.849800
166.623288 3.193611 34.641016 0.976800 40.000000 3.267395 0.000000 -7.898800
166.796493 3.198495 34.641016 0.927800 40.000000 3.227901 0.000000 -7.947800
166.969698 3.203134 34.641016 0.878800 40.000000 3.188162 0.000000 -7.996800
167.142903 3.207528 34.641016 0.829800 40.000000 3.148178 0.000000 -8.045800
167.316108 3.211677 34.641016 0.780800 40.000000 3.107949 0.000000 -8.094800
167.489313 3.215581 34.641016 0.731800 40.000000 3.067475 0.000000 -8.143800
167.662518 3.219240 34.641016 0.682800 40.000000 3.026756 0.000000 -8.192800
167.835723 3.222654 34.641016 0.633800 40.000000 2.985792 0.000000 -8.241800
168.008928 3.225823 34.641016 0.584800 40.000000 2.944583 0.000000 -8.290800
168.182133 3.228747 34.641016 0.535800 40.000000 2.903129 0.000000 -8.339800
168.355338 3.231426 34.641016 0.486800 40.000000 2.861430 0.000000 -8.388800
168.528544 3.233860 34.641016 0.437800 40.000000 2.819486 0.000000 -8.437800
168.701749 3.236049 34.641016 0.388800 40.000000 2.777297 0.000000 -8.486800
168.874954 3.237993 34.641016 0.339800 40.000000 2.734863 0.000000 -8.535800
169.048159 3.239692 34.641016 0.290800 40.000000 2.692184 0.000000 -8.584800
169.221364 3.241146 34.641016 0.241800 40.000000 2.649260 0.000000 -8.633800
169.394569 3.242355 34.641016 0.192800 40.000000 2.606091 0.000000 -8.682800
169.567774 3.243319 34.641016 0.143800 40.000000 2.562677 0.000000 -8.731800
169.740979 3.244038 34.641016 0.094800 40.000000 2.519018 0.000000 -8.780800
169.914184 3.244512 34.641016 0.045800 40.000000 2.475114 0.000000 -8.829800
170.087389 3.244741 34.641016 -0.003200 40.000000 2.430965 0.000000 -8.878800
170.260594 3.244725 34.641016 -0.052200 40.000000 2.386571 0.000000 -8.927800
170.433799 3.244464 34.641016 -0.101200 40.000000 2.341932 0.000000 -8.976800
170.607005 3.243958 34.641016 -0.150200 40.000000 2.297048 0.000000 -9.025800
170.780210 3.243207 34.641016 -0.199200 40.000000 2.251919 0.000000 -9.074800
170.953415 3.242211 34.641016 -0.248200 40.000000 2.206545 0.000000 -9.123800
171.126620 3.240970 34.641016 -0.297200 40.000000 2.160926 0.000000 -9.172800
171.299825 3.239484 34.641016 -0.346200 40.000000 2.115062 0.000000 -9.221800
171.473030 3.237753 34.641016 -0.395200 40.000000 2.068953 0.000000 -9.270800
171.646235 3.235777 34.641016 -0.444200 40.000000 2.022599 0.000000 -9.319800
171.819440 3.233556 34.641016 -0.493200 40.000000 1.976000 0.000000 -9.368800
171.992645 3.231090 34.641016 -0.542200 40.000000 1.929156 0.000000 -9.417800
172.165850 3.228379 34.641016 -0.591200 40.000000 1.882067 0.000000 -9.466800
172.339055 3.225423 34.641016 -0.640200 40.000000 1.834733 0.000000 -9.515800
172.512260 3.222222 34.641016 -0.689200 40.000000 1.787154 0.000000 -9.564800
172.685466 3.218776 34.641016 -0.738200 40.000000 1.739330 0.000000 -9.613800
172.858671 3.215085 34.641016 -0.787200 40.000000 1.691261 0.000000 -9.662800
173.031876 3.211149 34.641016 -0.836200 40.000000 1.642947 0.000000 -9.711800
173.205081 3.206968 34.641016 -0.885200 40.000000 1.594388 0.000000 -9.760800
173.378286 3.202542 34.641016 -0.934200 40.000000 1.545584 0.000000 -9.809800
173.551491 3.197871 34.641016 -0.983200 40.000000 1.496535 0.000000 -9.858800
173.724696 3.192955 34.641016 -1.032200 40.000000 1.447241 0.000000 -9.907800
173.897901 3.187794 34.641016 -1.081200 40.000000 1.397702 0.000000 -9.956800
174.071106 3.182388 34.641016 -1.130200 40.000000 1.347918 0.000000 -10.005800
174.244311 3.176737 34.641016 -1.179200 40.000000 1.297889 0.000000 -10.054800
174.417516 3.170841 34.641016 -1.228200 40.000000 1.247615 0.000000 -10.103800
174.590721 3.164700 34.641016 -1.277200 40.000000 1.197096 0.000000 -10.152800
174.763926 3.158314 34.641016 -1.326200 40.000000 1.146332 0.000000 -10.201800
174.937132 3.151683 34.641016 -1.375200 40.000000 1.095323 0.000000 -10.250800
175.110337 3.144807 34.641016 -1.424200 40.000000 1.044069 0.000000 -10.299800
175.283542 3.137686 34.641016 -1.473200 40.000000 0.992570 0.000000 -10.348800
175.456747 3.130320 34.641016 -1.522200 40.000000 0.940826 0.000000 -10.397800
175.629952 3.122709 34.641016 -1.571200 40.000000 0.888837 0.000000 -10.446800
175.803157 3.114853 34.641016 -1.620200 40.000000 0.836603 0.000000 -10.495800
175.976362 3.106752 34.641016 -1.669200 40.000000 0.784124 0.000000 -10.544800
176.149567 3.098406 34.641016 -1.718200 40.000000 0.731400 0.000000 -10.593800
176.322772 3.089815 34.641016 -1.767200 40.000000 0.678431 0.000000 -10.642800
176.495977 3.080979 34.641016 -1.816200 40.000000 0.625217 0.000000 -10.691800
176.669182 3.071898 34.641016 -1.865200 40.000000 0.571758 0.000000 -10.740800
176.842387 3.062572 34.641016 -1.914200 40.000000 0.518054 0.000000 -10.789800
177.015593 3.053001 34.641016 -1.963200 40.000000 0.464105 0.000000 -10.838800
177.188798 3.043185 34.641016 -2.012200 40.000000 0.409911 0.000000 -10.887800
177.362003 3.033124 34.641016 -2.061200 40.000000 0.355472 0.000000 -10.936800
177.535208 3.022818 34.641016 -2.110200 40.000000 0.300788 0.000000 -10.985800
177.708413 3.012267 34.641016 -2.159200 40.000000 0.245859 0.000000 -11.034800
177.881618 3.001471 34.641016 -2.208200 40.000000 0.190685 0.000000 -11.083800
178.054823 2.990430 34.641016 -2.257200 40.000000 0.135266 0.000000 -11.132800
178.228028 2.979144 34.641016 -2.306200 40.000000 0.079602 0.000000 -11.181800
178.401233 2.967613 34.641016 -2.355200 40.000000 0.023693 0.000000 -11.230800
178.574438 2.955837 34.641016 -2.404200 40.000000 -0.032461 0.000000 4.511920
178.747643 2.943816 34.641016 -2.453200 40.000000 -0.009901 0.000000 4.462920
178.920848 2.931550 34.641016 -2.502200 40.000000 0.012413 0.000000 4.413920
179.094054 2.919039 34.641016 -2.551200 40.000000 0.034483 0.000000 4.364920
179.267259 2.906283 34.641016 -2.600200 40.000000 0.056307 0.000000 4.315920
179.440464 2.893282 34.641016 -2.649200 40.000000 0.077887 0.000000 4.266920
179.613669 2.880036 34.641016 -2.698200 40.000000 0.099222 0.000000 4.217920
179.786874 2.866545 34.641016 -2.747200 40.000000 0.120311 0.000000 4.168920
179.960079 2.852809 34.641016 -2.796200 40.000000 0.141156 0.000000 4.119920
180.133284 2.838828 34.641016 -2.845200 40.000000 0.161755 0.000000 4.070920
180.306489 2.824602 34.641016 -2.894200 40.000000 0.182110 0.000000 4.021920
180.479694 2.810131 34.641016 -2.943200 40.000000 0.202220 0.000000 3.972920
180.652899 2.795415 34.641016 -2.992200 40.000000 0.222084 0.000000 3.923920
180.826104 2.780454 34.641016 -3.041200 40.000000 0.241704 0.000000 3.874920
180.999309 2.765248 34.641016 -3.090200 40.000000 0.261078 0.000000 3.825920
181.172514 2.749797 34.641016 -3.139200 40.000000 0.280208 0.000000 3.776920
181.345720 2.734101 34.641016 -3.188200 40.000000 0.299093 0.000000 3.727920
181.518925 2.718160 34.641016 -3.237200 40.000000 0.317732 0.000000 3.678920
181.692130 2.701974 34.641016 -3.286200 40.000000 0.336127 0.000000 3.629920
181.865335 2.685543 34.641016 -3.335200 40.000000 0.354276 0.000000 3.580920
182.038540 2.668867 34.641016 -3.384200 40.000000 0.372181 0.000000 3.531920
182.211745 2.651946 34.641016 -3.433200 40.000000 0.389841 0.000000 3.482920
182.384950 2.634780 34.641016 -3.482200 40.000000 0.407255 0.000000 3.433920
182.558155 2.617369 34.641016 -3.531200 40.000000 0.424425 0.000000 3.384920
182.731360 2.599713 34.641016 -3.580200 40.000000 0.441349 0.000000 3.335920
182.904565 2.581812 34.641016 -3.629200 40.000000 0.458029 0.000000 3.286920
183.077770 2.563666 34.641016 -3.678200 40.000000 0.474464 0.000000 3.237920
183.250975 2.545275 34.641016 -3.727200 40.000000 0.490653 0.000000 3.188920
183.424181 2.526639 34.641016 -3.776200 40.000000 0.506598 0.000000 3.139920
183.597386 2.507758 34.641016 -3.825200 40.000000 0.522297 0.000000 3.090920
183.770591 2.488632 34.641016 -3.874200 40.000000 0.537752 0.000000 3.041920
183.943796 2.469261 34.641016 -3.923200 40.000000 0.552962 0.000000 2.992920
184.117001 2.449645 34.641016 -3.972200 40.000000 0.567926 0.000000 2.943920
184.290206 2.429784 34.641016 -4.021200 40.000000 0.582646 0.000000 2.894920
184.463411 2.409678 34.641016 -4.070200 40.000000 0.597120 0.000000 2.845920
184.636616 2.389327 34.641016 -4.119200 40.000000 0.611350 0.000000 2.796920
184.809821 2.368731 34.641016 -4.168200 40.000000 0.625335 0.000000 2.747920
184.983026 2.347890 34.641016 -4.217200 40.000000 0.639074 0.000000 2.698920
185.156231 2.326804 34.641016 -4.266200 40.000000 0.652569 0.000000 2.649920
185.329436 2.305473 34.641016 -4.315200 40.000000 0.665818 0.000000 2.600920
185.502641 2.283897 34.641016 -4.364200 40.000000 0.678823 0.000000 2.551920
185.675847 2.262076 34.641016 -4.413200 40.000000 0.691583 0.000000 2.502920
185.849052 2.240010 34.641016 -4.462200 40.000000 0.704097 0.000000 2.453920
186.022257 2.217699 34.641016 -4.511200 40.000000 0.716367 0.000000 2.404920
186.195462 2.195143 34.641016 -4.560200 40.000000 0.728391 0.000000 2.355920
186.368667 2.172342 34.641016 -4.609200 40.000000 0.740171 0.000000 2.306920
186.541872 2.149296 34.641016 -4.658200 40.000000 0.751706 0.000000 2.257920
186.715077 2.126005 34.641016 -4.707200 40.000000 0.762995 0.000000 2.208920
186.888282 2.102469 34.641016 -4.756200 40.000000 0.774040 0.000000 2.159920
187.061487 2.078688 34.641016 -4.805200 40.000000 0.784839 0.000000 2.110920
187.234692 2.054662 34.641016 -4.854200 40.000000 0.795394 0.000000 2.061920
187.407897 2.030391 34.641016 -4.903200 40.000000 0.805704 0.000000 2.012920
187.581102 2.005875 34.641016 -4.952200 40.000000 0.815768 0.000000 1.963920
187.754308 1.981114 34.641016 -5.001200 40.000000 0.825588 0.000000 1.914920
187.927513 1.956108 34.641016 -5.050200 40.000000 0.835162 0.000000 1.865920
188.100718 1.930857 34.641016 -5.099200 40.000000 0.844492 0.000000 1.816920
188.273923 1.905361 34.641016 -5.148200 40.000000 0.853577 0.000000 1.767920
188.447128 1.879620 34.641016 -5.197200 40.000000 0.862416 0.000000 1.718920
188.620333 1.853634 34.641016 -5.246200 40.000000 0.871011 0.000000 1.669920
188.793538 1.827403 34.641016 -5.295200 40.000000 0.879360 0.000000 1.620920
188.966743 1.800927 34.641016 -5.344200 40.000000 0.887465 0.000000 1.571920
189.139948 1.774206 34.641016 -5.393200 40.000000 0.895325 0.000000 1.522920
189.313153 1.747240 34.641016 -5.442200 40.000000 0.902939 0.000000 1.473920
189.486358 1.720029 34.641016 -5.491200 40.000000 0.910309 0.000000 1.424920
189.659563 1.692573 34.641016 -5.540200 40.000000 0.917433 0.000000 1.375920
189.832769 1.664872 34.641016 -5.589200 40.000000 0.924313 0.000000 1.326920
190.005974 1.636926 34.641016 -5.638200 40.000000 0.930948 0.000000 1.277920
190.179179 1.608735 34.641016 -5.687200 40.000000 0.937337 0.000000 1.228920
190.352384 1.580299 34.641016 -5.736200 40.000000 0.943482 0.000000 1.179920
190.525589 1.551618 34.641016 -5.785200 40.000000 0.949381 0.000000 1.130920
190.698794 1.522692 34.641016 -5.834200 40.000000 0.955036 0.000000 1.081920
190.871999 1.493521 34.641016 -5.883200 40.000000 0.960446 0.000000 1.032920
191.045204 1.464105 34.641016 -5.932200 40.000000 0.965610 0.000000 0.983920
191.218409 1.434444 34.641016 -5.981200 40.000000 0.970530 0.000000 0.934920
191.391614 1.404538 34.641016 -6.030200 40.000000 0.975204 0.000000 0.885920
191.564819 1.374387 34.641016 -6.079200 40.000000 0.979634 0.000000 0.836920
191.738024 1.343991 34.641016 -6.128200 40.000000 0.983819 0.000000 0.787920
191.911229 1.313350 34.641016 -6.177200 40.000000 0.987758 0.000000 0.738920
192.084435 1.282464 34.641016 -6.226200 40.000000 0.991453 0.000000 0.689920
192.257640 1.251333 34.641016 -6.275200 40.000000 0.994902 0.000000 0.640920
192.430845 1.219957 34.641016 -6.324200 40.000000 0.998107 0.000000 0.591920
192.604050 1.188336 34.641016 -6.373200 40.000000 1.001067 0.000000 0.542920
192.777255 1.156470 34.641016 -6.422200 40.000000 1.003781 0.000000 0.493920
192.950460 1.124359 34.641016 -6.471200 40.000000 1.006251 0.000000 0.444920
193.123665 1.092003 34.641016 -6.520200 40.000000 1.008475 0.000000 0.395920
193.296870 1.059402 34.641016 -6.569200 40.000000 1.010455 0.000000 0.346920
193.470075 1.026556 34.641016 -6.618200 40.000000 1.012190 0.000000 0.297920
193.643280 0.993465 34.641016 -6.667200 40.000000 1.013679 0.000000 0.248920
193.816485 0.960129 34.641016 -6.716200 40.000000 1.014924 0.000000 0.199920
193.989690 0.926548 34.641016 -6.765200 40.000000 1.015923 0.000000 0.150920
194.162896 0.892722 34.641016 -6.814200 40.000000 1.016678 0.000000 0.101920
194.336101 0.858651 34.641016 -6.863200 40.000000 1.017188 0.000000 0.052920
194.509306 0.824335 34.641016 -6.912200 40.000000 1.017452 0.000000 0.003920
194.682511 0.789774 34.641016 -6.961200 40.000000 1.017472 0.000000 -0.045080
194.855716 0.754968 34.641016 -7.010200 40.000000 1.017246 0.000000 -0.094080
195.028921 0.719917 34.641016 -7.059200 40.000000 1.016776 0.000000 -0.143080
195.202126 0.684621 34.641016 -7.108200 40.000000 1.016061 0.000000 -0.192080
195.375331 0.649080 34.641016 -7.157200 40.000000 1.015100 0.000000 -0.241080
195.548536 0.613294 34.641016 -7.206200 40.000000 1.013895 0.000000 -0.290080
195.721741 0.577263 34.641016 -7.255200 40.000000 1.012444 0.000000 -0.339080
195.894946 0.540987 34.641016 -7.304200 40.000000 1.010749 0.000000 -0.388080
196.068151 0.504466 34.641016 -7.353200 40.000000 1.008809 0.000000 -0.437080
196.241356 0.467700 34.641016 -7.402200 40.000000 1.006623 0.000000 -0.486080
196.414562 0.430689 34.641016 -7.451200 40.000000 1.004193 0.000000 -0.535080
196.587767 0.393433 34.641016 -7.500200 40.000000 1.001517 0.000000 -0.584080
196.760972 0.355932 34.641016 -7.549200 40.000000 0.998597 0.000000 -0.633080
196.934177 0.318186 34.641016 -7.598200 40.000000 0.995432 0.000000 -0.682080
197.107382 0.280195 34.641016 -7.647200 40.000000 0.992021 0.000000 -0.731080
197.280587 0.241959 34.641016 -7.696200 40.000000 0.988366 0.000000 -0.780080
197.453792 0.203478 34.641016 -7.745200 40.000000 0.984465 0.000000 -0.829080
197.626997 0.164752 34.641016 -7.794200 40.000000 0.980320 0.000000 -0.878080
197.800202 0.125781 34.641016 -7.843200 40.000000 0.975930 0.000000 -0.927080
197.973407 0.086565 34.641016 -7.892200 40.000000 0.971294 0.000000 -0.976080
198.146612 0.047104 34.641016 -7.941200 40.000000 0.966414 0.000000 -1.025080
198.319817 0.007398 34.641016 -7.990200 40.000000 0.961288 0.000000 -1.074080
198.493023 -0.032553 34.641016 3.215680 40.000000 0.955918 0.000000 -1.123080
198.666228 -0.016475 34.641016 3.166680 40.000000 0.950303 0.000000 -1.172080
198.839433 -0.000641 34.641016 3.117680 40.000000 0.944442 0.000000 -1.221080
199.012638 0.014947 34.641016 3.068680 40.000000 0.938337 0.000000 -1.270080
199.185843 0.030291 34.641016 3.019680 40.000000 0.931986 0.000000 -1.319080
199.359048 0.045389 34.641016 2.970680 40.000000 0.925391 0.000000 -1.368080
199.532253 0.060242 34.641016 2.921680 40.000000 0.918551 0.000000 -1.417080
199.705458 0.074851 34.641016 2.872680 40.000000 0.911465 0.000000 -1.466080
199.878663 0.089214 34.641016 2.823680 40.000000 0.904135 0.000000 -1.515080
200.051868 0.103333 34.641016 2.774680 40.000000 0.896559 0.000000 -1.564080
200.225073 0.117206 34.641016 2.725680 40.000000 0.888739 0.000000 -1.613080
200.398278 0.130834 34.641016 2.676680 40.000000 0.880674 0.000000 -1.662080
200.571484 0.144218 34.641016 2.627680 40.000000 0.872363 0.000000 -1.711080
200.744689 0.157356 34.641016 2.578680 40.000000 0.863808 0.000000 -1.760080
200.917894 0.170250 34.641016 2.529680 40.000000 0.855007 0.000000 -1.809080
201.091099 0.182898 34.641016 2.480680 40.000000 0.845962 0.000000 -1.858080
201.264304 0.195301 34.641016 2.431680 40.000000 0.836672 0.000000 -1.907080
201.437509 0.207460 34.641016 2.382680 40.000000 0.827136 0.000000 -1.956080
201.610714 0.219373 34.641016 2.333680 40.000000 0.817356 0.000000 -2.005080
201.783919 0.231042 34.641016 2.284680 40.000000 0.807330 0.000000 -2.054080
201.957124 0.242465 34.641016 2.235680 40.000000 0.797060 0.000000 -2.103080
202.130329 0.253643 34.641016 2.186680 40.000000 0.786545 0.000000 -2.152080
202.303534 0.264577 34.641016 2.137680 40.000000 0.775784 0.000000 -2.201080
202.476739 0.275265 34.641016 2.088680 40.000000 0.764779 0.000000 -2.250080
202.649944 0.285709 34.641016 2.039680 40.000000 0.753528 0.000000 -2.299080
202.823150 0.295907 34.641016 1.990680 40.000000 0.742033 0.000000 -2.348080
202.996355 0.305860 34.641016 1.941680 40.000000 0.730293 0.000000 -2.397080
203.169560 0.315569 34.641016 1.892680 40.000000 0.718307 0.000000 -2.446080
203.342765 0.325032 34.641016 1.843680 40.000000 0.706077 0.000000 -2.495080
203.515970 0.334251 34.641016 1.794680 40.000000 0.693601 0.000000 -2.544080
203.689175 0.343224 34.641016 1.745680 40.000000 0.680881 0.000000 -2.593080
203.862380 0.351952 34.641016 1.696680 40.000000 0.667916 0.000000 -2.642080
204.035585 0.360436 34.641016 1.647680 40.000000 0.654705 0.000000 -2.691080
204.208790 0.368674 34.641016 1.598680 40.000000 0.641250 0.000000 -2.740080
204.381995 0.376668 34.641016 1.549680 40.000000 0.627549 0.000000 -2.789080
204.555200 0.384416 34.641016 1.500680 40.000000 0.613604 0.000000 -2.838080
204.728405 0.391919 34.641016 1.451680 40.000000 0.599414 0.000000 -2.887080
204.901611 0.399178 34.641016 1.402680 40.000000 0.584978 0.000000 -2.936080
205.074816 0.406191 34.641016 1.353680 40.000000 0.570298 0.000000 -2.985080
205.248021 0.412960 34.641016 1.304680 40.000000 0.555372 0.000000 -3.034080
205.421226 0.419483 34.641016 1.255680 40.000000 0.540202 0.000000 -3.083080
205.594431 0.425761 34.641016 1.206680 40.000000 0.524787 0.000000 -3.132080
205.767636 0.431795 34.641016 1.157680 40.000000 0.509126 0.000000 -3.181080
205.940841 0.437583 34.641016 1.108680 40.000000 0.493221 0.000000 -3.230080
206.114046 0.443127 34.641016 1.059680 40.000000 0.477070 0.000000 -3.279080
206.287251 0.448425 34.641016 1.010680 40.000000 0.460675 0.000000 -3.328080
206.460456 0.453478 34.641016 0.961680 40.000000 0.444035 0.000000 -3.377080
206.633661 0.458287 34.641016 0.912680 40.000000 0.427149 0.000000 -3.426080
206.806866 0.462850 34.641016 0.863680 40.000000 0.410019 0.000000 -3.475080
206.980072 0.467169 34.641016 0.814680 40.000000 0.392643 0.000000 -3.524080
207.153277 0.471242 34.641016 0.765680 40.000000 0.375023 0.000000 -3.573080
207.326482 0.475070 34.641016 0.716680 40.000000 0.357158 0.000000 -3.622080
207.499687 0.478654 34.641016 0.667680 40.000000 0.339047 0.000000 -3.671080
207.672892 0.481992 34.641016 0.618680 40.000000 0.320692 0.000000 -3.720080
207.846097 0.485086 34.641016 0.569680 40.000000 0.302091 0.000000 -3.769080
208.019302 0.487934 34.641016 0.520680 40.000000 0.283246 0.000000 -3.818080
208.192507 0.490537 34.641016 0.471680 40.000000 0.264156 0.000000 -3.867080
208.365712 0.492896 34.641016 0.422680 40.000000 0.244820 0.000000 -3.916080
208.538917 0.495009 34.641016 0.373680 40.000000 0.225240 0.000000 -3.965080
208.712122 0.496878 34.641016 0.324680 40.000000 0.205414 0.000000 -4.014080
208.885327 0.498501 34.641016 0.275680 40.000000 0.185344 0.000000 -4.063080
209.058532 0.499879 34.641016 0.226680 40.000000 0.165029 0.000000 -4.112080
209.231738 0.501013 34.641016 0.177680 40.000000 0.144468 0.000000 -4.161080
209.404943 0.501901 34.641016 0.128680 40.000000 0.123663 0.000000 -4.210080
209.578148 0.502545 34.641016 0.079680 40.000000 0.102612 0.000000 -4.259080
209.751353 0.502943 34.641016 0.030680 40.000000 0.081317 0.000000 -4.308080
209.924558 0.503096 34.641016 -0.018320 40.000000 0.059777 0.000000 -4.357080
210.097763 0.503005 34.641016 -0.067320 40.000000 0.037991 0.000000 -4.406080
210.270968 0.502668 34.641016 -0.116320 40.000000 0.015961 0.000000 -4.455080
210.444173 0.502087 34.641016 -0.165320 40.000000 -0.006315 0.000000 1.801632
210.617378 0.501260 34.641016 -0.214320 40.000000 0.002694 0.000000 1.752632
210.790583 0.500188 34.641016 -0.263320 40.000000 0.011457 0.000000 1.703632
210.963788 0.498872 34.641016 -0.312320 40.000000 0.019975 0.000000 1.654632
211.136993 0.497310 34.641016 -0.361320 40.000000 0.028248 0.000000 1.605632
211.310199 0.495504 34.641016 -0.410320 40.000000 0.036276 0.000000 1.556632
211.483404 0.493452 34.641016 -0.459320 40.000000 0.044059 0.000000 1.507632
211.656609 0.491155 34.641016 -0.508320 40.000000 0.051598 0.000000 1.458632
211.829814 0.488614 34.641016 -0.557320 40.000000 0.058891 0.000000 1.409632
212.003019 0.485827 34.641016 -0.606320 40.000000 0.065939 0.000000 1.360632
212.176224 0.482796 34.641016 -0.655320 40.000000 0.072742 0.000000 1.311632
212.349429 0.479519 34.641016 -0.704320 40.000000 0.079300 0.000000 1.262632
212.522634 0.475997 34.641016 -0.753320 40.000000 0.085613 0.000000 1.213632
212.695839 0.472231 34.641016 -0.802320 40.000000 0.091681 0.000000 1.164632
212.869044 0.468219 34.641016 -0.851320 40.000000 0.097505 0.000000 1.115632
213.042249 0.463963 34.641016 -0.900320 40.000000 0.103083 0.000000 1.066632
213.215454 0.459461 34.641016 -0.949320 40.000000 0.108416 0.000000 1.017632
213.388659 0.454714 34.641016 -0.998320 40.000000 0.113504 0.000000 0.968632
213.561865 0.449723 34.641016 -1.047320 40.000000 0.118347 0.000000 0.919632
213.735070 0.444486 34.641016 -1.096320 40.000000 0.122945 0.000000 0.870632
213.908275 0.439005 34.641016 -1.145320 40.000000 0.127299 0.000000 0.821632
214.081480 0.433278 34.641016 -1.194320 40.000000 0.131407 0.000000 0.772632
214.254685 0.427306 34.641016 -1.243320 40.000000 0.135270 0.000000 0.723632
214.427890 0.421090 34.641016 -1.292320 40.000000 0.138888 0.000000 0.674632
214.601095 0.414628 34.641016 -1.341320 40.000000 0.142261 0.000000 0.625632
214.774300 0.407922 34.641016 -1.390320 40.000000 0.145389 0.000000 0.576632
214.947505 0.400970 34.641016 -1.439320 40.000000 0.148273 0.000000 0.527632
215.120710 0.393773 34.641016 -1.488320 40.000000 0.150911 0.000000 0.478632
215.293915 0.386332 34.641016 -1.537320 40.000000 0.153304 0.000000 0.429632
215.467120 0.378645 34.641016 -1.586320 40.000000 0.155452 0.000000 0.380632
215.640326 0.370714 34.641016 -1.635320 40.000000 0.157355 0.000000 0.331632
215.813531 0.362537 34.641016 -1.684320 40.000000 0.159013 0.000000 0.282632
215.986736 0.354115 34.641016 -1.733320 40.000000 0.160427 0.000000 0.233632
216.159941 0.345449 34.641016 -1.782320 40.000000 0.161595 0.000000 0.184632
216.333146 0.336537 34.641016 -1.831320 40.000000 0.162518 0.000000 0.135632
216.506351 0.327381 34.641016 -1.880320 40.000000 0.163196 0.000000 0.086632
216.679556 0.317979 34.641016 -1.929320 40.000000 0.163629 0.000000 0.037632
216.852761 0.308332 34.641016 -1.978320 40.000000 0.163817 0.000000 -0.011368
217.025966 0.298441 34.641016 -2.027320 40.000000 0.163760 0.000000 -0.060368
217.199171 0.288304 34.641016 -2.076320 40.000000 0.163459 0.000000 -0.109368
217.372376 0.277923 34.641016 -2.125320 40.000000 0.162912 0.000000 -0.158368
217.545581 0.267296 34.641016 -2.174320 40.000000 0.162120 0.000000 -0.207368
217.718787 0.256424 34.641016 -2.223320 40.000000 0.161083 0.000000 -0.256368
217.891992 0.245308 34.641016 -2.272320 40.000000 0.159801 0.000000 -0.305368
218.065197 0.233946 34.641016 -2.321320 40.000000 0.158274 0.000000 -0.354368
218.238402 0.222340 34.641016 -2.370320 40.000000 0.156503 0.000000 -0.403368
218.411607 0.210488 34.641016 -2.419320 40.000000 0.154486 0.000000 -0.452368
218.584812 0.198391 34.641016 -2.468320 40.000000 0.152224 0.000000 -0.501368
218.758017 0.186050 34.641016 -2.517320 40.000000 0.149717 0.000000 -0.550368
218.931222 0.173463 34.641016 -2.566320 40.000000 0.146965 0.000000 -0.599368
219.104427 0.160632 34.641016 -2.615320 40.000000 0.143968 0.000000 -0.648368
219.277632 0.147555 34.641016 -2.664320 40.000000 0.140727 0.000000 -0.697368
219.450837 0.134233 34.641016 -2.713320 40.000000 0.137240 0.000000 -0.746368
219.624042 0.120667 34.641016 -2.762320 40.000000 0.133508 0.000000 -0.795368
219.797247 0.106855 34.641016 -2.811320 40.000000 0.129531 0.000000 -0.844368
219.970453 0.092799 34.641016 -2.860320 40.000000 0.125309 0.000000 -0.893368
220.143658 0.078497 34.641016 -2.909320 40.000000 0.120842 0.000000 -0.942368
220.316863 0.063950 34.641016 -2.958320 40.000000 0.116131 0.000000 -0.991368
220.490068 0.049159 34.641016 -3.007320 40.000000 0.111174 0.000000 -1.040368
220.663273 0.034122 34.641016 -3.056320 40.000000 0.105972 0.000000 -1.089368
220.836478 0.018841 34.641016 -3.105320 40.000000 0.100525 0.000000 -1.138368
221.009683 0.003314 34.641016 -3.154320 40.000000 0.094833 0.000000 -1.187368
