0.000000 0.000000 39.392310 6.945927 40.000000 40.000000 0.000000 0.000000
0.196962 0.034730 39.392310 6.896927 40.000000 40.000000 0.000000 -0.049000
0.393923 0.069214 39.392310 6.847927 40.000000 39.999755 0.000000 -0.098000
0.590885 0.103454 39.392310 6.798927 40.000000 39.999265 0.000000 -0.147000
0.787846 0.137449 39.392310 6.749927 40.000000 39.998530 0.000000 -0.196000
0.984808 0.171198 39.392310 6.700927 40.000000 39.997550 0.000000 -0.245000
1.181769 0.204703 39.392310 6.651927 40.000000 39.996325 0.000000 -0.294000
1.378731 0.237962 39.392310 6.602927 40.000000 39.994855 0.000000 -0.343000
1.575692 0.270977 39.392310 6.553927 40.000000 39.993140 0.000000 -0.392000
1.772654 0.303747 39.392310 6.504927 40.000000 39.991180 0.000000 -0.441000
1.969616 0.336271 39.392310 6.455927 40.000000 39.988975 0.000000 -0.490000
2.166577 0.368551 39.392310 6.406927 40.000000 39.986525 0.000000 -0.539000
2.363539 0.400586 39.392310 6.357927 40.000000 39.983830 0.000000 -0.588000
2.560500 0.432375 39.392310 6.308927 40.000000 39.980890 0.000000 -0.637000
2.757462 0.463920 39.392310 6.259927 40.000000 39.977705 0.000000 -0.686000
2.954423 0.495220 39.392310 6.210927 40.000000 39.974275 0.000000 -0.735000
3.151385 0.526274 39.392310 6.161927 40.000000 39.970600 0.000000 -0.784000
3.348346 0.557084 39.392310 6.112927 40.000000 39.966680 0.000000 -0.833000
3.545308 0.587648 39.392310 6.063927 40.000000 39.962515 0.000000 -0.882000
3.742269 0.617968 39.392310 6.014927 40.000000 39.958105 0.000000 -0.931000
3.939231 0.648043 39.392310 5.965927 40.000000 39.953450 0.000000 -0.980000
4.136193 0.677872 39.392310 5.916927 40.000000 39.948550 0.000000 -1.029000
4.333154 0.707457 39.392310 5.867927 40.000000 39.943405 0.000000 -1.078000
4.530116 0.736797 39.392310 5.818927 40.000000 39.938015 0.000000 -1.127000
4.727077 0.765891 39.392310 5.769927 40.000000 39.932380 0.000000 -1.176000
4.924039 0.794741 39.392310 5.720927 40.000000 39.926500 0.000000 -1.225000
5.121000 0.823346 39.392310 5.671927 40.000000 39.920375 0.000000 -1.274000
5.317962 0.851705 39.392310 5.622927 40.000000 39.914005 0.000000 -1.323000
5.514923 0.879820 39.392310 5.573927 40.000000 39.907390 0.000000 -1.372000
5.711885 0.907689 39.392310 5.524927 40.000000 39.900530 0.000000 -1.421000
5.908847 0.935314 39.392310 5.475927 40.000000 39.893425 0.000000 -1.470000
6.105808 0.962694 39.392310 5.426927 40.000000 39.886075 0.000000 -1.519000
6.302770 0.989828 39.392310 5.377927 40.000000 39.878480 0.000000 -1.568000
6.499731 1.016718 39.392310 5.328927 40.000000 39.870640 0.000000 -1.617000
6.696693 1.043363 39.392310 5.279927 40.000000 39.862555 0.000000 -1.666000
6.893654 1.069762 39.392310 5.230927 40.000000 39.854225 0.000000 -1.715000
7.090616 1.095917 39.392310 5.181927 40.000000 39.845650 0.000000 -1.764000
7.287577 1.121827 39.392310 5.132927 40.000000 39.836830 0.000000 -1.813000
7.484539 1.147491 39.392310 5.083927 40.000000 39.827765 0.000000 -1.862000
7.681500 1.172911 39.392310 5.034927 40.000000 39.818455 0.000000 -1.911000
7.878462 1.198085 39.392310 4.985927 40.000000 39.808900 0.000000 -1.960000
8.075424 1.223015 39.392310 4.936927 40.000000 39.799100 0.000000 -2.009000
8.272385 1.247700 39.392310 4.887927 40.000000 39.789055 0.000000 -2.058000
8.469347 1.272139 39.392310 4.838927 40.000000 39.778765 0.000000 -2.107000
8.666308 1.296334 39.392310 4.789927 40.000000 39.768230 0.000000 -2.156000
8.863270 1.320284 39.392310 4.740927 40.000000 39.757450 0.000000 -2.205000
9.060231 1.343988 39.392310 4.691927 40.000000 39.746425 0.000000 -2.254000
9.257193 1.367448 39.392310 4.642927 40.000000 39.735155 0.000000 -2.303000
9.454154 1.390663 39.392310 4.593927 40.000000 39.723640 0.000000 -2.352000
9.651116 1.413632 39.392310 4.544927 40.000000 39.711880 0.000000 -2.401000
9.848078 1.436357 39.392310 4.495927 40.000000 39.699875 0.000000 -2.450000
10.045039 1.458836 39.392310 4.446927 40.000000 39.687625 0.000000 -2.499000
10.242001 1.481071 39.392310 4.397927 40.000000 39.675130 0.000000 -2.548000
10.438962 1.503061 39.392310 4.348927 40.000000 39.662390 0.000000 -2.597000
10.635924 1.524805 39.392310 4.299927 40.000000 39.649405 0.000000 -2.646000
10.832885 1.546305 39.392310 4.250927 40.000000 39.636175 0.000000 -2.695000
11.029847 1.567560 39.392310 4.201927 40.000000 39.622700 0.000000 -2.744000
11.226808 1.588569 39.392310 4.152927 40.000000 39.608980 0.000000 -2.793000
11.423770 1.609334 39.392310 4.103927 40.000000 39.595015 0.000000 -2.842000
11.620731 1.629853 39.392310 4.054927 40.000000 39.580805 0.000000 -2.891000
11.817693 1.650128 39.392310 4.005927 40.000000 39.566350 0.000000 -2.940000
12.014655 1.670158 39.392310 3.956927 40.000000 39.551650 0.000000 -2.989000
12.211616 1.689942 39.392310 3.907927 40.000000 39.536705 0.000000 -3.038000
12.408578 1.709482 39.392310 3.858927 40.000000 39.521515 0.000000 -3.087000
12.605539 1.728777 39.392310 3.809927 40.000000 39.506080 0.000000 -3.136000
12.802501 1.747826 39.392310 3.760927 40.000000 39.490400 0.000000 -3.185000
12.999462 1.766631 39.392310 3.711927 40.000000 39.474475 0.000000 -3.234000
13.196424 1.785191 39.392310 3.662927 40.000000 39.458305 0.000000 -3.283000
13.393385 1.803505 39.392310 3.613927 40.000000 39.441890 0.000000 -3.332000
13.590347 1.821575 39.392310 3.564927 40.000000 39.425230 0.000000 -3.381000
13.787309 1.839399 39.392310 3.515927 40.000000 39.408325 0.000000 -3.430000
13.984270 1.856979 39.392310 3.466927 40.000000 39.391175 0.000000 -3.479000
14.181232 1.874314 39.392310 3.417927 40.000000 39.373780 0.000000 -3.528000
14.378193 1.891403 39.392310 3.368927 40.000000 39.356140 0.000000 -3.577000
14.575155 1.908248 39.392310 3.319927 40.000000 39.338255 0.000000 -3.626000
14.772116 1.924848 39.392310 3.270927 40.000000 39.320125 0.000000 -3.675000
14.969078 1.941202 39.392310 3.221927 40.000000 39.301750 0.000000 -3.724000
15.166039 1.957312 39.392310 3.172927 40.000000 39.283130 0.000000 -3.773000
15.363001 1.973177 39.392310 3.123927 40.000000 39.264265 0.000000 -3.822000
15.559962 1.988796 39.392310 3.074927 40.000000 39.245155 0.000000 -3.871000
15.756924 2.004171 39.392310 3.025927 40.000000 39.225800 0.000000 -3.920000
15.953886 2.019300 39.392310 2.976927 40.000000 39.206200 0.000000 -3.969000
16.150847 2.034185 39.392310 2.927927 40.000000 39.186355 0.000000 -4.018000
16.347809 2.048825 39.392310 2.878927 40.000000 39.166265 0.000000 -4.067000
16.544770 2.063219 39.392310 2.829927 40.000000 39.145930 0.000000 -4.116000
16.741732 2.077369 39.392310 2.780927 40.000000 39.125350 0.000000 -4.165000
16.938693 2.091274 39.392310 2.731927 40.000000 39.104525 0.000000 -4.214000
17.135655 2.104933 39.392310 2.682927 40.000000 39.083455 0.000000 -4.263000
17.332616 2.118348 39.392310 2.633927 40.000000 39.062140 0.000000 -4.312000
17.529578 2.131518 39.392310 2.584927 40.000000 39.040580 0.000000 -4.361000
17.726540 2.144442 39.392310 2.535927 40.000000 39.018775 0.000000 -4.410000
17.923501 2.157122 39.392310 2.486927 40.000000 38.996725 0.000000 -4.459000
18.120463 2.169556 39.392310 2.437927 40.000000 38.974430 0.000000 -4.508000
18.317424 2.181746 39.392310 2.388927 40.000000 38.951890 0.000000 -4.557000
18.514386 2.193691 39.392310 2.339927 40.000000 38.929105 0.000000 -4.606000
18.711347 2.205390 39.392310 2.290927 40.000000 38.906075 0.000000 -4.655000
18.908309 2.216845 39.392310 2.241927 40.000000 38.882800 0.000000 -4.704000
19.105270 2.228055 39.392310 2.192927 40.000000 38.859280 0.000000 -4.753000
19.302232 2.239019 39.392310 2.143927 40.000000 38.835515 0.000000 -4.802000
19.499194 2.249739 39.392310 2.094927 40.000000 38.811505 0.000000 -4.851000
19.696155 2.260214 39.392310 2.045927 40.000000 38.787250 0.000000 -4.900000
19.893117 2.270443 39.392310 1.996927 40.000000 38.762750 0.000000 -4.949000
20.090078 2.280428 39.392310 1.947927 40.000000 38.738005 0.000000 -4.998000
20.287040 2.290167 39.392310 1.898927 40.000000 38.713015 0.000000 -5.047000
20.484001 2.299662 39.392310 1.849927 40.000000 38.687780 0.000000 -5.096000
20.680963 2.308912 39.392310 1.800927 40.000000 38.662300 0.000000 -5.145000
20.877924 2.317916 39.392310 1.751927 40.000000 38.636575 0.000000 -5.194000
21.074886 2.326676 39.392310 1.702927 40.000000 38.610605 0.000000 -5.243000
21.271847 2.335191 39.392310 1.653927 40.000000 38.584390 0.000000 -5.292000
21.468809 2.343460 39.392310 1.604927 40.000000 38.557930 0.000000 -5.341000
21.665771 2.351485 39.392310 1.555927 40.000000 38.531225 0.000000 -5.390000
21.862732 2.359265 39.392310 1.506927 40.000000 38.504275 0.000000 -5.439000
22.059694 2.366799 39.392310 1.457927 40.000000 38.477080 0.000000 -5.488000
22.256655 2.374089 39.392310 1.408927 40.000000 38.449640 0.000000 -5.537000
22.453617 2.381133 39.392310 1.359927 40.000000 38.421955 0.000000 -5.586000
22.650578 2.387933 39.392310 1.310927 40.000000 38.394025 0.000000 -5.635000
22.847540 2.394488 39.392310 1.261927 40.000000 38.365850 0.000000 -5.684000
23.044501 2.400797 39.392310 1.212927 40.000000 38.337430 0.000000 -5.733000
23.241463 2.406862 39.392310 1.163927 40.000000 38.308765 0.000000 -5.782000
23.438425 2.412682 39.392310 1.114927 40.000000 38.279855 0.000000 -5.831000
23.635386 2.418256 39.392310 1.065927 40.000000 38.250700 0.000000 -5.880000
23.832348 2.423586 39.392310 1.016927 40.000000 38.221300 0.000000 -5.929000
24.029309 2.428671 39.392310 0.967927 40.000000 38.191655 0.000000 -5.978000
24.226271 2.433510 39.392310 0.918927 40.000000 38.161765 0.000000 -6.027000
24.423232 2.438105 39.392310 0.869927 40.000000 38.131630 0.000000 -6.076000
24.620194 2.442454 39.392310 0.820927 40.000000 38.101250 0.000000 -6.125000
24.817155 2.446559 39.392310 0.771927 40.000000 38.070625 0.000000 -6.174000
25.014117 2.450419 39.392310 0.722927 40.000000 38.039755 0.000000 -6.223000
25.211078 2.454033 39.392310 0.673927 40.000000 38.008640 0.000000 -6.272000
25.408040 2.457403 39.392310 0.624927 40.000000 37.977280 0.000000 -6.321000
25.605002 2.460528 39.392310 0.575927 40.000000 37.945675 0.000000 -6.370000
25.801963 2.463407 39.392310 0.526927 40.000000 37.913825 0.000000 -6.419000
25.998925 2.466042 39.392310 0.477927 40.000000 37.881730 0.000000 -6.468000
26.195886 2.468432 39.392310 0.428927 40.000000 37.849390 0.000000 -6.517000
26.392848 2.470576 39.392310 0.379927 40.000000 37.816805 0.000000 -6.566000
26.589809 2.472476 39.392310 0.330927 40.000000 37.783975 0.000000 -6.615000
26.786771 2.474130 39.392310 0.281927 40.000000 37.750900 0.000000 -6.664000
26.983732 2.475540 39.392310 0.232927 40.000000 37.717580 0.000000 -6.713000
27.180694 2.476705 39.392310 0.183927 40.000000 37.684015 0.000000 -6.762000
27.377656 2.477624 39.392310 0.134927 40.000000 37.650205 0.000000 -6.811000
27.574617 2.478299 39.392310 0.085927 40.000000 37.616150 0.000000 -6.860000
27.771579 2.478729 39.392310 0.036927 40.000000 37.581850 0.000000 -6.909000
27.968540 2.478913 39.392310 -0.012073 40.000000 37.547305 0.000000 -6.958000
28.165502 2.478853 39.392310 -0.061073 40.000000 37.512515 0.000000 -7.007000
28.362463 2.478548 39.392310 -0.110073 40.000000 37.477480 0.000000 -7.056000
28.559425 2.477997 39.392310 -0.159073 40.000000 37.442200 0.000000 -7.105000
28.756386 2.477202 39.392310 -0.208073 40.000000 37.406675 0.000000 -7.154000
28.953348 2.476161 39.392310 -0.257073 40.000000 37.370905 0.000000 -7.203000
29.150309 2.474876 39.392310 -0.306073 40.000000 37.334890 0.000000 -7.252000
29.347271 2.473346 39.392310 -0.355073 40.000000 37.298630 0.000000 -7.301000
29.544233 2.471570 39.392310 -0.404073 40.000000 37.262125 0.000000 -7.350000
29.741194 2.469550 39.392310 -0.453073 40.000000 37.225375 0.000000 -7.399000
29.938156 2.467285 39.392310 -0.502073 40.000000 37.188380 0.000000 -7.448000
30.135117 2.464774 39.392310 -0.551073 40.000000 37.151140 0.000000 -7.497000
30.332079 2.462019 39.392310 -0.600073 40.000000 37.113655 0.000000 -7.546000
30.529040 2.459019 39.392310 -0.649073 40.000000 37.075925 0.000000 -7.595000
30.726002 2.455773 39.392310 -0.698073 40.000000 37.037950 0.000000 -7.644000
30.922963 2.452283 39.392310 -0.747073 40.000000 36.999730 0.000000 -7.693000
31.119925 2.448547 39.392310 -0.796073 40.000000 36.961265 0.000000 -7.742000
31.316887 2.444567 39.392310 -0.845073 40.000000 36.922555 0.000000 -7.791000
31.513848 2.440342 39.392310 -0.894073 40.000000 36.883600 0.000000 -7.840000
31.710810 2.435871 39.392310 -0.943073 40.000000 36.844400 0.000000 -7.889000
31.907771 2.431156 39.392310 -0.992073 40.000000 36.804955 0.000000 -7.938000
32.104733 2.426196 39.392310 -1.041073 40.000000 36.765265 0.000000 -7.987000
32.301694 2.420990 39.392310 -1.090073 40.000000 36.725330 0.000000 -8.036000
32.498656 2.415540 39.392310 -1.139073 40.000000 36.685150 0.000000 -8.085000
32.695617 2.409844 39.392310 -1.188073 40.000000 36.644725 0.000000 -8.134000
32.892579 2.403904 39.392310 -1.237073 40.000000 36.604055 0.000000 -8.183000
33.089541 2.397719 39.392310 -1.286073 40.000000 36.563140 0.000000 -8.232000
33.286502 2.391288 39.392310 -1.335073 40.000000 36.521980 0.000000 -8.281000
33.483464 2.384613 39.392310 -1.384073 40.000000 36.480575 0.000000 -8.330000
33.680425 2.377693 39.392310 -1.433073 40.000000 36.438925 0.000000 -8.379000
33.877387 2.370527 39.392310 -1.482073 40.000000 36.397030 0.000000 -8.428000
34.074348 2.363117 39.392310 -1.531073 40.000000 36.354890 0.000000 -8.477000
34.271310 2.355462 39.392310 -1.580073 40.000000 36.312505 0.000000 -8.526000
34.468271 2.347561 39.392310 -1.629073 40.000000 36.269875 0.000000 -8.575000
34.665233 2.339416 39.392310 -1.678073 40.000000 36.227000 0.000000 -8.624000
34.862194 2.331025 39.392310 -1.727073 40.000000 36.183880 0.000000 -8.673000
35.059156 2.322390 39.392310 -1.776073 40.000000 36.140515 0.000000 -8.722000
35.256118 2.313510 39.392310 -1.825073 40.000000 36.096905 0.000000 -8.771000
35.453079 2.304384 39.392310 -1.874073 40.000000 36.053050 0.000000 -8.820000
35.650041 2.295014 39.392310 -1.923073 40.000000 36.008950 0.000000 -8.869000
35.847002 2.285399 39.392310 -1.972073 40.000000 35.964605 0.000000 -8.918000
36.043964 2.275538 39.392310 -2.021073 40.000000 35.920015 0.000000 -8.967000
36.240925 2.265433 39.392310 -2.070073 40.000000 35.875180 0.000000 -9.016000
36.437887 2.255083 39.392310 -2.119073 40.000000 35.830100 0.000000 -9.065000
36.634848 2.244487 39.392310 -2.168073 40.000000 35.784775 0.000000 -9.114000
36.831810 2.233647 39.392310 -2.217073 40.000000 35.739205 0.000000 -9.163000
37.028772 2.222561 39.392310 -2.266073 40.000000 35.693390 0.000000 -9.212000
37.225733 2.211231 39.392310 -2.315073 40.000000 35.647330 0.000000 -9.261000
37.422695 2.199656 39.392310 -2.364073 40.000000 35.601025 0.000000 -9.310000
37.619656 2.187835 39.392310 -2.413073 40.000000 35.554475 0.000000 -9.359000
37.816618 2.175770 39.392310 -2.462073 40.000000 35.507680 0.000000 -9.408000
38.013579 2.163460 39.392310 -2.511073 40.000000 35.460640 0.000000 -9.457000
38.210541 2.150904 39.392310 -2.560073 40.000000 35.413355 0.000000 -9.506000
38.407502 2.138104 39.392310 -2.609073 40.000000 35.365825 0.000000 -9.555000
38.604464 2.125059 39.392310 -2.658073 40.000000 35.318050 0.000000 -9.604000
38.801425 2.111768 39.392310 -2.707073 40.000000 35.270030 0.000000 -9.653000
38.998387 2.098233 39.392310 -2.756073 40.000000 35.221765 0.000000 -9.702000
39.195349 2.084452 39.392310 -2.805073 40.000000 35.173255 0.000000 -9.751000
39.392310 2.070427 39.392310 -2.854073 40.000000 35.124500 0.000000 -9.800000
39.589272 2.056157 39.392310 -2.903073 40.000000 35.075500 0.000000 -9.849000
39.786233 2.041641 39.392310 -2.952073 40.000000 35.026255 0.000000 -9.898000
39.983195 2.026881 39.392310 -3.001073 40.000000 34.976765 0.000000 -9.947000
40.180156 2.011876 39.392310 -3.050073 40.000000 34.927030 0.000000 -9.996000
40.377118 1.996625 39.392310 -3.099073 40.000000 34.877050 0.000000 -10.045000
40.574079 1.981130 39.392310 -3.148073 40.000000 34.826825 0.000000 -10.094000
40.771041 1.965390 39.392310 -3.197073 40.000000 34.776355 0.000000 -10.143000
40.968003 1.949404 39.392310 -3.246073 40.000000 34.725640 0.000000 -10.192000
41.164964 1.933174 39.392310 -3.295073 40.000000 34.674680 0.000000 -10.241000
41.361926 1.916698 39.392310 -3.344073 40.000000 34.623475 0.000000 -10.290000
41.558887 1.899978 39.392310 -3.393073 40.000000 34.572025 0.000000 -10.339000
41.755849 1.883013 39.392310 -3.442073 40.000000 34.520330 0.000000 -10.388000
41.952810 1.865802 39.392310 -3.491073 40.000000 34.468390 0.000000 -10.437000
42.149772 1.848347 39.392310 -3.540073 40.000000 34.416205 0.000000 -10.486000
42.346733 1.830647 39.392310 -3.589073 40.000000 34.363775 0.000000 -10.535000
42.543695 1.812701 39.392310 -3.638073 40.000000 34.311100 0.000000 -10.584000
42.740656 1.794511 39.392310 -3.687073 40.000000 34.258180 0.000000 -10.633000
42.937618 1.776076 39.392310 -3.736073 40.000000 34.205015 0.000000 -10.682000
43.134580 1.757395 39.392310 -3.785073 40.000000 34.151605 0.000000 -10.731000
43.331541 1.738470 39.392310 -3.834073 40.000000 34.097950 0.000000 -10.780000
43.528503 1.719299 39.392310 -3.883073 40.000000 34.044050 0.000000 -10.829000
43.725464 1.699884 39.392310 -3.932073 40.000000 33.989905 0.000000 -10.878000
43.922426 1.680224 39.392310 -3.981073 40.000000 33.935515 0.000000 -10.927000
44.119387 1.660318 39.392310 -4.030073 40.000000 33.880880 0.000000 -10.976000
44.316349 1.640168 39.392310 -4.079073 40.000000 33.826000 0.000000 -11.025000
44.513310 1.619773 39.392310 -4.128073 40.000000 33.770875 0.000000 -11.074000
44.710272 1.599132 39.392310 -4.177073 40.000000 33.715505 0.000000 -11.123000
44.907234 1.578247 39.392310 -4.226073 40.000000 33.659890 0.000000 -11.172000
45.104195 1.557117 39.392310 -4.275073 40.000000 33.604030 0.000000 -11.221000
45.301157 1.535741 39.392310 -4.324073 40.000000 33.547925 0.000000 -11.270000
45.498118 1.514121 39.392310 -4.373073 40.000000 33.491575 0.000000 -11.319000
45.695080 1.492255 39.392310 -4.422073 40.000000 33.434980 0.000000 -11.368000
45.892041 1.470145 39.392310 -4.471073 40.000000 33.378140 0.000000 -11.417000
46.089003 1.447790 39.392310 -4.520073 40.000000 33.321055 0.000000 -11.466000
46.285964 1.425189 39.392310 -4.569073 40.000000 33.263725 0.000000 -11.515000
46.482926 1.402344 39.392310 -4.618073 40.000000 33.206150 0.000000 -11.564000
46.679887 1.379254 39.392310 -4.667073 40.000000 33.148330 0.000000 -11.613000
46.876849 1.355918 39.392310 -4.716073 40.000000 33.090265 0.000000 -11.662000
47.073811 1.332338 39.392310 -4.765073 40.000000 33.031955 0.000000 -11.711000
47.270772 1.308513 39.392310 -4.814073 40.000000 32.973400 0.000000 -11.760000
47.467734 1.284442 39.392310 -4.863073 40.000000 32.914600 0.000000 -11.809000
47.664695 1.260127 39.392310 -4.912073 40.000000 32.855555 0.000000 -11.858000
47.861657 1.235566 39.392310 -4.961073 40.000000 32.796265 0.000000 -11.907000
48.058618 1.210761 39.392310 -5.010073 40.000000 32.736730 0.000000 -11.956000
48.255580 1.185711 39.392310 -5.059073 40.000000 32.676950 0.000000 -12.005000
48.452541 1.160415 39.392310 -5.108073 40.000000 32.616925 0.000000 -12.054000
48.649503 1.134875 39.392310 -5.157073 40.000000 32.556655 0.000000 -12.103000
48.846465 1.109090 39.392310 -5.206073 40.000000 32.496140 0.000000 -12.152000
49.043426 1.083059 39.392310 -5.255073 40.000000 32.435380 0.000000 -12.201000
49.240388 1.056784 39.392310 -5.304073 40.000000 32.374375 0.000000 -12.250000
49.437349 1.030264 39.392310 -5.353073 40.000000 32.313125 0.000000 -12.299000
49.634311 1.003498 39.392310 -5.402073 40.000000 32.251630 0.000000 -12.348000
49.831272 0.976488 39.392310 -5.451073 40.000000 32.189890 0.000000 -12.397000
50.028234 0.949232 39.392310 -5.500073 40.000000 32.127905 0.000000 -12.446000
50.225195 0.921732 39.392310 -5.549073 40.000000 32.065675 0.000000 -12.495000
50.422157 0.893987 39.392310 -5.598073 40.000000 32.003200 0.000000 -12.544000
50.619119 0.865996 39.392310 -5.647073 40.000000 31.940480 0.000000 -12.593000
50.816080 0.837761 39.392310 -5.696073 40.000000 31.877515 0.000000 -12.642000
51.013042 0.809281 39.392310 -5.745073 40.000000 31.814305 0.000000 -12.691000
51.210003 0.780555 39.392310 -5.794073 40.000000 31.750850 0.000000 -12.740000
51.406965 0.751585 39.392310 -5.843073 40.000000 31.687150 0.000000 -12.789000
51.603926 0.722370 39.392310 -5.892073 40.000000 31.623205 0.000000 -12.838000
51.800888 0.692909 39.392310 -5.941073 40.000000 31.559015 0.000000 -12.887000
51.997849 0.663204 39.392310 -5.990073 40.000000 31.494580 0.000000 -12.936000
52.194811 0.633253 39.392310 -6.039073 40.000000 31.429900 0.000000 -12.985000
52.391772 0.603058 39.392310 -6.088073 40.000000 31.364975 0.000000 -13.034000
52.588734 0.572618 39.392310 -6.137073 40.000000 31.299805 0.000000 -13.083000
52.785696 0.541932 39.392310 -6.186073 40.000000 31.234390 0.000000 -13.132000
52.982657 0.511002 39.392310 -6.235073 40.000000 31.168730 0.000000 -13.181000
53.179619 0.479827 39.392310 -6.284073 40.000000 31.102825 0.000000 -13.230000
53.376580 0.448406 39.392310 -6.333073 40.000000 31.036675 0.000000 -13.279000
53.573542 0.416741 39.392310 -6.382073 40.000000 30.970280 0.000000 -13.328000
53.770503 0.384831 39.392310 -6.431073 40.000000 30.903640 0.000000 -13.377000
53.967465 0.352675 39.392310 -6.480073 40.000000 30.836755 0.000000 -13.426000
54.164426 0.320275 39.392310 -6.529073 40.000000 30.769625 0.000000 -13.475000
54.361388 0.287629 39.392310 -6.578073 40.000000 30.702250 0.000000 -13.524000
54.558350 0.254739 39.392310 -6.627073 40.000000 30.634630 0.000000 -13.573000
54.755311 0.221604 39.392310 -6.676073 40.000000 30.566765 0.000000 -13.622000
54.952273 0.188223 39.392310 -6.725073 40.000000 30.498655 0.000000 -13.671000
55.149234 0.154598 39.392310 -6.774073 40.000000 30.430300 0.000000 -13.720000
55.346196 0.120728 39.392310 -6.823073 40.000000 30.361700 0.000000 -13.769000
55.543157 0.086612 39.392310 -6.872073 40.000000 30.292855 0.000000 -13.818000
55.740119 0.052252 39.392310 -6.921073 40.000000 30.223765 0.000000 -13.867000
55.937080 0.017646 39.392310 -6.970073 40.000000 30.154430 0.000000 -13.916000
56.134042 -0.017204 39.392310 2.807629 40.000000 30.084850 0.000000 -13.965000
56.331003 -0.003166 39.392310 2.758629 40.000000 30.015025 0.000000 -14.014000
56.527965 0.010627 39.392310 2.709629 40.000000 29.944955 0.000000 -14.063000
56.724927 0.024176 39.392310 2.660629 40.000000 29.874640 0.000000 -14.112000
56.921888 0.037479 39.392310 2.611629 40.000000 29.804080 0.000000 -14.161000
57.118850 0.050537 39.392310 2.562629 40.000000 29.733275 0.000000 -14.210000
57.315811 0.063350 39.392310 2.513629 40.000000 29.662225 0.000000 -14.259000
57.512773 0.075918 39.392310 2.464629 40.000000 29.590930 0.000000 -14.308000
57.709734 0.088241 39.392310 2.415629 40.000000 29.519390 0.000000 -14.357000
57.906696 0.100319 39.392310 2.366629 40.000000 29.447605 0.000000 -14.406000
58.103657 0.112153 39.392310 2.317629 40.000000 29.375575 0.000000 -14.455000
58.300619 0.123741 39.392310 2.268629 40.000000 29.303300 0.000000 -14.504000
58.497581 0.135084 39.392310 2.219629 40.000000 29.230780 0.000000 -14.553000
58.694542 0.146182 39.392310 2.170629 40.000000 29.158015 0.000000 -14.602000
58.891504 0.157035 39.392310 2.121629 40.000000 29.085005 0.000000 -14.651000
59.088465 0.167643 39.392310 2.072629 40.000000 29.011750 0.000000 -14.700000
59.285427 0.178006 39.392310 2.023629 40.000000 28.938250 0.000000 -14.749000
59.482388 0.188125 39.392310 1.974629 40.000000 28.864505 0.000000 -14.798000
59.679350 0.197998 39.392310 1.925629 40.000000 28.790515 0.000000 -14.847000
59.876311 0.207626 39.392310 1.876629 40.000000 28.716280 0.000000 -14.896000
60.073273 0.217009 39.392310 1.827629 40.000000 28.641800 0.000000 -14.945000
60.270234 0.226147 39.392310 1.778629 40.000000 28.567075 0.000000 -14.994000
60.467196 0.235040 39.392310 1.729629 40.000000 28.492105 0.000000 -15.043000
60.664158 0.243688 39.392310 1.680629 40.000000 28.416890 0.000000 -15.092000
60.861119 0.252092 39.392310 1.631629 40.000000 28.341430 0.000000 -15.141000
61.058081 0.260250 39.392310 1.582629 40.000000 28.265725 0.000000 -15.190000
61.255042 0.268163 39.392310 1.533629 40.000000 28.189775 0.000000 -15.239000
61.452004 0.275831 39.392310 1.484629 40.000000 28.113580 0.000000 -15.288000
61.648965 0.283254 39.392310 1.435629 40.000000 28.037140 0.000000 -15.337000
61.845927 0.290432 39.392310 1.386629 40.000000 27.960455 0.000000 -15.386000
62.042888 0.297366 39.392310 1.337629 40.000000 27.883525 0.000000 -15.435000
62.239850 0.304054 39.392310 1.288629 40.000000 27.806350 0.000000 -15.484000
62.436812 0.310497 39.392310 1.239629 40.000000 27.728930 0.000000 -15.533000
62.633773 0.316695 39.392310 1.190629 40.000000 27.651265 0.000000 -15.582000
62.830735 0.322648 39.392310 1.141629 40.000000 27.573355 0.000000 -15.631000
63.027696 0.328356 39.392310 1.092629 40.000000 27.495200 0.000000 -15.680000
63.224658 0.333819 39.392310 1.043629 40.000000 27.416800 0.000000 -15.729000
63.421619 0.339038 39.392310 0.994629 40.000000 27.338155 0.000000 -15.778000
63.618581 0.344011 39.392310 0.945629 40.000000 27.259265 0.000000 -15.827000
63.815542 0.348739 39.392310 0.896629 40.000000 27.180130 0.000000 -15.876000
64.012504 0.353222 39.392310 0.847629 40.000000 27.100750 0.000000 -15.925000
64.209465 0.357460 39.392310 0.798629 40.000000 27.021125 0.000000 -15.974000
64.406427 0.361453 39.392310 0.749629 40.000000 26.941255 0.000000 -16.023000
64.603389 0.365201 39.392310 0.700629 40.000000 26.861140 0.000000 -16.072000
64.800350 0.368705 39.392310 0.651629 40.000000 26.780780 0.000000 -16.121000
64.997312 0.371963 39.392310 0.602629 40.000000 26.700175 0.000000 -16.170000
65.194273 0.374976 39.392310 0.553629 40.000000 26.619325 0.000000 -16.219000
65.391235 0.377744 39.392310 0.504629 40.000000 26.538230 0.000000 -16.268000
65.588196 0.380267 39.392310 0.455629 40.000000 26.456890 0.000000 -16.317000
65.785158 0.382545 39.392310 0.406629 40.000000 26.375305 0.000000 -16.366000
65.982119 0.384578 39.392310 0.357629 40.000000 26.293475 0.000000 -16.415000
66.179081 0.386367 39.392310 0.308629 40.000000 26.211400 0.000000 -16.464000
66.376043 0.387910 39.392310 0.259629 40.000000 26.129080 0.000000 -16.513000
66.573004 0.389208 39.392310 0.210629 40.000000 26.046515 0.000000 -16.562000
66.769966 0.390261 39.392310 0.161629 40.000000 25.963705 0.000000 -16.611000
66.966927 0.391069 39.392310 0.112629 40.000000 25.880650 0.000000 -16.660000
67.163889 0.391632 39.392310 0.063629 40.000000 25.797350 0.000000 -16.709000
67.360850 0.391950 39.392310 0.014629 40.000000 25.713805 0.000000 -16.758000
67.557812 0.392024 39.392310 -0.034371 40.000000 25.630015 0.000000 -16.807000
67.754773 0.391852 39.392310 -0.083371 40.000000 25.545980 0.000000 -16.856000
67.951735 0.391435 39.392310 -0.132371 40.000000 25.461700 0.000000 -16.905000
68.148697 0.390773 39.392310 -0.181371 40.000000 25.377175 0.000000 -16.954000
68.345658 0.389866 39.392310 -0.230371 40.000000 25.292405 0.000000 -17.003000
68.542620 0.388714 39.392310 -0.279371 40.000000 25.207390 0.000000 -17.052000
68.739581 0.387317 39.392310 -0.328371 40.000000 25.122130 0.000000 -17.101000
68.936543 0.385676 39.392310 -0.377371 40.000000 25.036625 0.000000 -17.150000
69.133504 0.383789 39.392310 -0.426371 40.000000 24.950875 0.000000 -17.199000
69.330466 0.381657 39.392310 -0.475371 40.000000 24.864880 0.000000 -17.248000
69.527427 0.379280 39.392310 -0.524371 40.000000 24.778640 0.000000 -17.297000
69.724389 0.376658 39.392310 -0.573371 40.000000 24.692155 0.000000 -17.346000
69.921350 0.373791 39.392310 -0.622371 40.000000 24.605425 0.000000 -17.395000
70.118312 0.370679 39.392310 -0.671371 40.000000 24.518450 0.000000 -17.444000
70.315274 0.367323 39.392310 -0.720371 40.000000 24.431230 0.000000 -17.493000
70.512235 0.363721 39.392310 -0.769371 40.000000 24.343765 0.000000 -17.542000
70.709197 0.359874 39.392310 -0.818371 40.000000 24.256055 0.000000 -17.591000
70.906158 0.355782 39.392310 -0.867371 40.000000 24.168100 0.000000 -17.640000
71.103120 0.351445 39.392310 -0.916371 40.000000 24.079900 0.000000 -17.689000
71.300081 0.346863 39.392310 -0.965371 40.000000 23.991455 0.000000 -17.738000
71.497043 0.342036 39.392310 -1.014371 40.000000 23.902765 0.000000 -17.787000
71.694004 0.336965 39.392310 -1.063371 40.000000 23.813830 0.000000 -17.836000
71.890966 0.331648 39.392310 -1.112371 40.000000 23.724650 0.000000 -17.885000
72.087928 0.326086 39.392310 -1.161371 40.000000 23.635225 0.000000 -17.934000
72.284889 0.320279 39.392310 -1.210371 40.000000 23.545555 0.000000 -17.983000
72.481851 0.314227 39.392310 -1.259371 40.000000 23.455640 0.000000 -18.032000
72.678812 0.307930 39.392310 -1.308371 40.000000 23.365480 0.000000 -18.081000
72.875774 0.301389 39.392310 -1.357371 40.000000 23.275075 0.000000 -18.130000
73.072735 0.294602 39.392310 -1.406371 40.000000 23.184425 0.000000 -18.179000
73.269697 0.287570 39.392310 -1.455371 40.000000 23.093530 0.000000 -18.228000
73.466658 0.280293 39.392310 -1.504371 40.000000 23.002390 0.000000 -18.277000
73.663620 0.272771 39.392310 -1.553371 40.000000 22.911005 0.000000 -18.326000
73.860581 0.265004 39.392310 -1.602371 40.000000 22.819375 0.000000 -18.375000
74.057543 0.256992 39.392310 -1.651371 40.000000 22.727500 0.000000 -18.424000
74.254505 0.248736 39.392310 -1.700371 40.000000 22.635380 0.000000 -18.473000
74.451466 0.240234 39.392310 -1.749371 40.000000 22.543015 0.000000 -18.522000
74.648428 0.231487 39.392310 -1.798371 40.000000 22.450405 0.000000 -18.571000
74.845389 0.222495 39.392310 -1.847371 40.000000 22.357550 0.000000 -18.620000
75.042351 0.213258 39.392310 -1.896371 40.000000 22.264450 0.000000 -18.669000
75.239312 0.203776 39.392310 -1.945371 40.000000 22.171105 0.000000 -18.718000
75.436274 0.194049 39.392310 -1.994371 40.000000 22.077515 0.000000 -18.767000
75.633235 0.184078 39.392310 -2.043371 40.000000 21.983680 0.000000 -18.816000
75.830197 0.173861 39.392310 -2.092371 40.000000 21.889600 0.000000 -18.865000
76.027159 0.163399 39.392310 -2.141371 40.000000 21.795275 0.000000 -18.914000
76.224120 0.152692 39.392310 -2.190371 40.000000 21.700705 0.000000 -18.963000
76.421082 0.141740 39.392310 -2.239371 40.000000 21.605890 0.000000 -19.012000
76.618043 0.130543 39.392310 -2.288371 40.000000 21.510830 0.000000 -19.061000
76.815005 0.119101 39.392310 -2.337371 40.000000 21.415525 0.000000 -19.110000
77.011966 0.107415 39.392310 -2.386371 40.000000 21.319975 0.000000 -19.159000
77.208928 0.095483 39.392310 -2.435371 40.000000 21.224180 0.000000 -19.208000
77.405889 0.083306 39.392310 -2.484371 40.000000 21.128140 0.000000 -19.257000
77.602851 0.070884 39.392310 -2.533371 40.000000 21.031855 0.000000 -19.306000
77.799812 0.058217 39.392310 -2.582371 40.000000 20.935325 0.000000 -19.355000
77.996774 0.045305 39.392310 -2.631371 40.000000 20.838550 0.000000 -19.404000
78.193736 0.032148 39.392310 -2.680371 40.000000 20.741530 0.000000 -19.453000
78.390697 0.018747 39.392310 -2.729371 40.000000 20.644265 0.000000 -19.502000
78.587659 0.005100 39.392310 -2.778371 40.000000 20.546755 0.000000 -19.551000
78.784620 -0.008792 39.392310 1.130948 40.000000 20.449000 0.000000 -19.600000
78.981582 -0.003137 39.392310 1.081948 40.000000 20.351000 0.000000 -19.649000
79.178543 0.002272 39.392310 1.032948 40.000000 20.252755 0.000000 -19.698000
79.375505 0.007437 39.392310 0.983948 40.000000 20.154265 0.000000 -19.747000
79.572466 0.012357 39.392310 0.934948 40.000000 20.055530 0.000000 -19.796000
79.769428 0.017032 39.392310 0.885948 40.000000 19.956550 0.000000 -19.845000
79.966390 0.021461 39.392310 0.836948 40.000000 19.857325 0.000000 -19.894000
80.163351 0.025646 39.392310 0.787948 40.000000 19.757855 0.000000 -19.943000
80.360313 0.029586 39.392310 0.738948 40.000000 19.658140 0.000000 -19.992000
80.557274 0.033281 39.392310 0.689948 40.000000 19.558180 0.000000 -20.041000
80.754236 0.036730 39.392310 0.640948 40.000000 19.457975 0.000000 -20.090000
80.951197 0.039935 39.392310 0.591948 40.000000 19.357525 0.000000 -20.139000
81.148159 0.042895 39.392310 0.542948 40.000000 19.256830 0.000000 -20.188000
81.345120 0.045610 39.392310 0.493948 40.000000 19.155890 0.000000 -20.237000
81.542082 0.048079 39.392310 0.444948 40.000000 19.054705 0.000000 -20.286000
81.739044 0.050304 39.392310 0.395948 40.000000 18.953275 0.000000 -20.335000
81.936005 0.052284 39.392310 0.346948 40.000000 18.851600 0.000000 -20.384000
82.132967 0.054019 39.392310 0.297948 40.000000 18.749680 0.000000 -20.433000
82.329928 0.055508 39.392310 0.248948 40.000000 18.647515 0.000000 -20.482000
82.526890 0.056753 39.392310 0.199948 40.000000 18.545105 0.000000 -20.531000
82.723851 0.057753 39.392310 0.150948 40.000000 18.442450 0.000000 -20.580000
82.920813 0.058507 39.392310 0.101948 40.000000 18.339550 0.000000 -20.629000
83.117774 0.059017 39.392310 0.052948 40.000000 18.236405 0.000000 -20.678000
83.314736 0.059282 39.392310 0.003948 40.000000 18.133015 0.000000 -20.727000
83.511697 0.059302 39.392310 -0.045052 40.000000 18.029380 0.000000 -20.776000
83.708659 0.059076 39.392310 -0.094052 40.000000 17.925500 0.000000 -20.825000
83.905621 0.058606 39.392310 -0.143052 40.000000 17.821375 0.000000 -20.874000
84.102582 0.057891 39.392310 -0.192052 40.000000 17.717005 0.000000 -20.923000
84.299544 0.056931 39.392310 -0.241052 40.000000 17.612390 0.000000 -20.972000
84.496505 0.055725 39.392310 -0.290052 40.000000 17.507530 0.000000 -21.021000
84.693467 0.054275 39.392310 -0.339052 40.000000 17.402425 0.000000 -21.070000
84.890428 0.052580 39.392310 -0.388052 40.000000 17.297075 0.000000 -21.119000
85.087390 0.050640 39.392310 -0.437052 40.000000 17.191480 0.000000 -21.168000
85.284351 0.048454 39.392310 -0.486052 40.000000 17.085640 0.000000 -21.217000
85.481313 0.046024 39.392310 -0.535052 40.000000 16.979555 0.000000 -21.266000
85.678275 0.043349 39.392310 -0.584052 40.000000 16.873225 0.000000 -21.315000
85.875236 0.040429 39.392310 -0.633052 40.000000 16.766650 0.000000 -21.364000
86.072198 0.037263 39.392310 -0.682052 40.000000 16.659830 0.000000 -21.413000
86.269159 0.033853 39.392310 -0.731052 40.000000 16.552765 0.000000 -21.462000
86.466121 0.030198 39.392310 -0.780052 40.000000 16.445455 0.000000 -21.511000
86.663082 0.026298 39.392310 -0.829052 40.000000 16.337900 0.000000 -21.560000
86.860044 0.022152 39.392310 -0.878052 40.000000 16.230100 0.000000 -21.609000
87.057005 0.017762 39.392310 -0.927052 40.000000 16.122055 0.000000 -21.658000
87.253967 0.013127 39.392310 -0.976052 40.000000 16.013765 0.000000 -21.707000
87.450928 0.008247 39.392310 -1.025052 40.000000 15.905230 0.000000 -21.756000
87.647890 0.003121 39.392310 -1.074052 40.000000 15.796450 0.000000 -21.805000
